51	11.030000
71	11.070000
24	11.450000
86	12.160000
52	12.330000
27	12.380000
97	12.380000
39	12.770000
87	12.840000
11	12.850000
92	13.000000
14	13.060000
80	13.190000
37	13.360000
70	13.500000
47	13.590000
44	13.640000
73	13.730000
17	13.780000
76	13.800000
53	13.810000
41	13.850000
0	13.880000
48	14.000000
33	14.080000
6	14.150000
96	14.170000
95	14.270000
74	14.300000
79	14.310000
94	14.360000
77	14.430000
21	14.530000
22	14.560000
1	14.750000
4	14.750000
20	14.770000
32	14.790000
26	14.890000
88	14.890000
89	14.890000
43	14.970000
85	14.970000
35	14.980000
49	15.020000
46	15.050000
61	15.070000
75	15.090000
12	15.110000
62	15.200000
54	15.260000
81	15.320000
2	15.330000
66	15.340000
7	15.350000
19	15.360000
55	15.390000
99	15.430000
25	15.440000
28	15.490000
29	15.500000
64	15.500000
42	15.550000
18	15.560000
65	15.760000
23	15.860000
40	15.860000
90	16.020000
5	16.060000
34	16.070000
15	16.150000
31	16.190000
45	16.230000
93	16.230000
98	16.250000
59	16.320000
38	16.330000
16	16.390000
91	16.450000
78	16.460000
8	16.480000
13	16.640000
83	16.660000
30	16.780000
36	16.870000
67	16.910000
9	16.920000
84	16.970000
69	17.050000
10	17.430000
3	17.550000
58	17.680000
72	17.740000
68	17.760000
82	17.770000
63	17.800000
50	17.940000
57	18.000000
56	18.730000
60	19.300000
51	97.470000
71	97.510000
24	97.890000
86	98.610000
52	98.780000
27	98.820000
97	98.820000
39	99.210000
87	99.280000
11	99.290000
92	99.440000
14	99.500000
80	99.630000
37	99.800000
70	99.940000
47	100.030000
44	100.080000
73	100.170000
17	100.220000
76	100.240000
53	100.250000
41	100.290000
0	100.320000
48	100.440000
33	100.520000
6	100.590000
96	100.610000
95	100.710000
74	100.740000
79	100.750000
94	100.800000
77	100.870000
21	100.970000
22	101.000000
1	101.190000
4	101.190000
20	101.210000
32	101.230000
26	101.320000
88	101.320000
89	101.330000
43	101.400000
85	101.400000
35	101.410000
49	101.460000
46	101.490000
61	101.510000
75	101.520000
12	101.540000
62	101.630000
54	101.690000
81	101.750000
2	101.760000
66	101.770000
7	101.780000
19	101.790000
55	101.820000
99	101.860000
25	101.870000
28	101.920000
29	101.930000
64	101.930000
42	101.980000
18	101.990000
65	102.190000
23	102.290000
40	102.290000
90	102.450000
5	102.490000
34	102.500000
15	102.580000
31	102.620000
45	102.660000
93	102.660000
98	102.680000
59	102.750000
38	102.760000
16	102.820000
91	102.880000
78	102.890000
8	102.910000
13	103.060000
83	103.080000
30	103.200000
36	103.290000
67	103.330000
9	103.340000
84	103.390000
69	103.470000
10	103.850000
3	103.970000
58	104.100000
72	104.150000
68	104.170000
82	104.180000
63	104.210000
50	104.360000
57	104.410000
56	105.140000
60	105.710000
51	183.910000
71	183.950000
24	184.330000
86	185.050000
52	185.220000
27	185.270000
97	185.270000
39	185.660000
87	185.720000
11	185.730000
92	185.880000
14	185.940000
80	186.070000
37	186.240000
70	186.380000
47	186.470000
44	186.520000
73	186.610000
17	186.660000
76	186.680000
53	186.690000
41	186.730000
0	186.750000
48	186.880000
33	186.960000
6	187.030000
96	187.050000
95	187.150000
74	187.180000
79	187.190000
94	187.240000
77	187.310000
21	187.410000
22	187.440000
1	187.630000
4	187.630000
20	187.640000
32	187.660000
26	187.760000
88	187.760000
89	187.760000
43	187.840000
85	187.840000
35	187.850000
49	187.890000
46	187.920000
61	187.940000
75	187.960000
12	187.980000
62	188.060000
54	188.120000
81	188.180000
2	188.190000
66	188.200000
7	188.210000
19	188.220000
55	188.250000
99	188.290000
25	188.300000
28	188.350000
29	188.360000
64	188.360000
42	188.410000
18	188.420000
65	188.620000
23	188.720000
40	188.720000
90	188.880000
5	188.910000
34	188.930000
15	189.010000
31	189.050000
93	189.080000
45	189.090000
98	189.100000
59	189.170000
38	189.180000
16	189.240000
91	189.300000
78	189.310000
8	189.330000
13	189.480000
83	189.500000
30	189.620000
36	189.710000
67	189.750000
9	189.760000
84	189.810000
69	189.890000
10	190.270000
3	190.390000
58	190.510000
72	190.570000
68	190.590000
82	190.600000
63	190.630000
50	190.770000
57	190.820000
56	191.550000
60	192.110000
51	270.350000
71	270.390000
24	270.770000
86	271.490000
52	271.660000
27	271.710000
97	271.710000
39	272.100000
87	272.160000
11	272.170000
92	272.320000
14	272.380000
80	272.510000
37	272.680000
70	272.820000
47	272.910000
44	272.960000
73	273.050000
17	273.100000
76	273.120000
53	273.130000
41	273.170000
0	273.190000
48	273.320000
33	273.390000
6	273.470000
96	273.480000
95	273.580000
74	273.610000
79	273.620000
94	273.670000
77	273.740000
21	273.840000
22	273.870000
1	274.060000
4	274.060000
20	274.080000
32	274.090000
26	274.190000
88	274.190000
89	274.190000
43	274.270000
85	274.270000
35	274.280000
49	274.320000
46	274.350000
61	274.370000
75	274.390000
12	274.410000
62	274.490000
54	274.550000
81	274.610000
2	274.620000
66	274.630000
7	274.640000
19	274.650000
55	274.680000
99	274.720000
25	274.730000
28	274.780000
29	274.790000
64	274.790000
42	274.840000
18	274.850000
65	275.050000
23	275.140000
40	275.140000
90	275.300000
5	275.340000
34	275.350000
15	275.430000
31	275.470000
45	275.510000
93	275.510000
98	275.530000
59	275.590000
38	275.600000
16	275.660000
91	275.720000
78	275.730000
8	275.750000
13	275.900000
83	275.920000
30	276.040000
36	276.130000
67	276.170000
9	276.180000
84	276.230000
69	276.310000
10	276.680000
3	276.800000
58	276.930000
72	276.980000
68	277.000000
82	277.010000
63	277.040000
50	277.180000
57	277.230000
56	277.960000
60	278.520000
51	356.790000
71	356.830000
24	357.210000
86	357.930000
52	358.100000
27	358.150000
97	358.150000
39	358.540000
87	358.600000
11	358.610000
92	358.760000
14	358.820000
80	358.950000
37	359.110000
70	359.260000
47	359.340000
44	359.390000
73	359.480000
17	359.530000
76	359.550000
53	359.560000
41	359.600000
0	359.620000
48	359.750000
33	359.830000
6	359.900000
96	359.910000
95	360.010000
74	360.040000
79	360.050000
94	360.100000
77	360.170000
21	360.270000
22	360.300000
1	360.490000
4	360.490000
20	360.510000
32	360.520000
26	360.620000
88	360.620000
89	360.620000
43	360.700000
85	360.700000
35	360.710000
49	360.750000
46	360.780000
61	360.800000
75	360.820000
12	360.840000
62	360.920000
54	360.980000
81	361.040000
2	361.050000
66	361.060000
7	361.070000
19	361.080000
55	361.110000
99	361.140000
25	361.150000
28	361.200000
29	361.210000
64	361.210000
42	361.260000
18	361.270000
65	361.470000
23	361.570000
40	361.570000
90	361.730000
5	361.760000
34	361.770000
15	361.850000
31	361.890000
45	361.930000
93	361.930000
98	361.950000
59	362.010000
38	362.020000
16	362.080000
91	362.140000
78	362.150000
8	362.170000
13	362.320000
83	362.340000
30	362.460000
36	362.550000
67	362.590000
9	362.600000
84	362.640000
69	362.720000
10	363.100000
3	363.220000
58	363.340000
72	363.390000
68	363.410000
82	363.420000
63	363.450000
50	363.590000
57	363.640000
56	364.360000
60	364.920000
51	443.230000
71	443.270000
24	443.650000
86	444.370000
52	444.530000
27	444.580000
97	444.580000
39	444.970000
87	445.030000
11	445.040000
92	445.190000
14	445.250000
80	445.380000
37	445.550000
70	445.690000
47	445.780000
44	445.820000
73	445.910000
17	445.960000
76	445.980000
53	445.990000
41	446.030000
0	446.060000
48	446.180000
33	446.260000
6	446.330000
96	446.340000
95	446.440000
74	446.470000
79	446.480000
94	446.530000
77	446.600000
21	446.700000
22	446.730000
1	446.920000
4	446.920000
20	446.940000
32	446.950000
26	447.050000
88	447.050000
89	447.050000
43	447.130000
85	447.130000
35	447.140000
49	447.180000
46	447.210000
61	447.230000
75	447.250000
12	447.270000
62	447.350000
54	447.410000
81	447.460000
2	447.470000
66	447.480000
7	447.490000
19	447.500000
55	447.530000
99	447.570000
25	447.580000
28	447.630000
29	447.640000
64	447.640000
42	447.690000
18	447.700000
65	447.890000
23	447.990000
40	447.990000
90	448.150000
5	448.180000
34	448.200000
15	448.270000
31	448.310000
45	448.350000
93	448.350000
98	448.370000
59	448.430000
38	448.440000
16	448.500000
91	448.560000
78	448.570000
8	448.590000
13	448.740000
83	448.760000
30	448.880000
36	448.970000
67	449.000000
9	449.010000
84	449.060000
69	449.140000
10	449.510000
3	449.630000
58	449.750000
72	449.800000
68	449.820000
82	449.830000
63	449.860000
50	450.000000
57	450.050000
56	450.770000
60	451.320000
51	529.670000
71	529.700000
24	530.080000
86	530.800000
52	530.970000
27	531.020000
97	531.020000
39	531.410000
87	531.470000
11	531.480000
92	531.630000
14	531.690000
80	531.810000
37	531.980000
70	532.120000
47	532.210000
44	532.260000
73	532.350000
17	532.400000
76	532.410000
53	532.420000
41	532.460000
0	532.490000
48	532.610000
33	532.690000
6	532.760000
96	532.770000
95	532.870000
74	532.900000
79	532.910000
94	532.960000
77	533.030000
21	533.130000
22	533.160000
1	533.350000
4	533.350000
20	533.370000
32	533.380000
26	533.480000
88	533.480000
89	533.480000
43	533.560000
85	533.560000
35	533.570000
49	533.610000
46	533.640000
61	533.660000
75	533.670000
12	533.690000
62	533.780000
54	533.830000
81	533.890000
2	533.900000
66	533.910000
7	533.920000
19	533.930000
55	533.960000
99	534.000000
25	534.010000
28	534.050000
29	534.060000
64	534.060000
42	534.110000
18	534.120000
65	534.320000
23	534.410000
40	534.410000
90	534.570000
5	534.600000
34	534.620000
15	534.690000
31	534.730000
45	534.770000
93	534.770000
98	534.790000
59	534.850000
38	534.860000
16	534.920000
91	534.980000
78	534.990000
8	535.010000
13	535.160000
83	535.180000
30	535.290000
36	535.380000
67	535.420000
9	535.430000
84	535.480000
69	535.550000
10	535.920000
3	536.040000
58	536.160000
72	536.210000
68	536.230000
82	536.240000
63	536.270000
50	536.410000
57	536.460000
56	537.170000
60	537.720000
51	616.100000
71	616.140000
24	616.520000
86	617.240000
52	617.400000
27	617.450000
97	617.450000
39	617.840000
87	617.900000
11	617.910000
92	618.060000
14	618.120000
80	618.250000
37	618.410000
70	618.560000
47	618.640000
44	618.690000
73	618.780000
17	618.830000
76	618.850000
53	618.860000
41	618.890000
0	618.930000
48	619.040000
33	619.120000
6	619.190000
96	619.200000
95	619.300000
74	619.330000
79	619.340000
94	619.390000
77	619.460000
21	619.560000
22	619.590000
1	619.780000
4	619.780000
20	619.800000
32	619.810000
26	619.910000
88	619.910000
89	619.910000
43	619.990000
85	619.990000
35	620.000000
49	620.040000
46	620.070000
61	620.080000
75	620.100000
12	620.120000
62	620.200000
54	620.260000
81	620.320000
2	620.330000
66	620.340000
7	620.350000
19	620.360000
55	620.380000
99	620.420000
25	620.430000
28	620.480000
29	620.490000
64	620.490000
42	620.540000
18	620.550000
65	620.740000
40	620.830000
23	620.840000
90	620.990000
5	621.020000
34	621.040000
15	621.110000
31	621.150000
45	621.190000
93	621.190000
98	621.210000
59	621.270000
38	621.280000
16	621.340000
91	621.400000
78	621.410000
8	621.430000
13	621.580000
83	621.590000
30	621.710000
36	621.800000
67	621.830000
9	621.840000
84	621.890000
69	621.970000
10	622.330000
3	622.450000
58	622.570000
72	622.620000
68	622.640000
82	622.650000
63	622.680000
50	622.820000
57	622.870000
56	623.570000
60	624.120000
51	702.540000
71	702.570000
24	702.950000
86	703.670000
52	703.840000
27	703.890000
97	703.890000
39	704.280000
87	704.340000
11	704.350000
92	704.490000
14	704.550000
80	704.680000
37	704.850000
70	704.990000
47	705.080000
44	705.120000
73	705.210000
17	705.260000
76	705.280000
53	705.290000
41	705.320000
0	705.360000
48	705.470000
33	705.550000
6	705.620000
96	705.630000
95	705.730000
74	705.760000
79	705.770000
94	705.820000
77	705.890000
21	705.990000
22	706.020000
1	706.210000
4	706.210000
20	706.230000
32	706.240000
26	706.340000
88	706.340000
89	706.340000
35	706.420000
43	706.420000
85	706.420000
49	706.460000
46	706.490000
61	706.510000
75	706.530000
12	706.550000
62	706.630000
54	706.690000
81	706.740000
2	706.750000
66	706.760000
7	706.770000
19	706.780000
55	706.810000
99	706.850000
25	706.860000
28	706.900000
29	706.910000
64	706.910000
42	706.960000
18	706.970000
65	707.160000
23	707.260000
40	707.260000
90	707.410000
5	707.440000
34	707.460000
15	707.530000
31	707.570000
45	707.610000
93	707.610000
98	707.630000
59	707.690000
38	707.700000
16	707.760000
91	707.820000
78	707.830000
8	707.850000
13	707.990000
83	708.010000
30	708.120000
36	708.210000
67	708.250000
9	708.260000
84	708.300000
69	708.380000
10	708.740000
3	708.860000
58	708.980000
72	709.030000
68	709.050000
82	709.060000
63	709.090000
50	709.220000
57	709.270000
56	709.970000
60	710.510000
51	788.970000
71	789.010000
24	789.390000
86	790.110000
52	790.270000
27	790.320000
97	790.320000
39	790.710000
87	790.770000
11	790.780000
92	790.930000
14	790.990000
80	791.110000
37	791.280000
70	791.420000
47	791.510000
44	791.550000
73	791.640000
17	791.690000
76	791.710000
53	791.720000
41	791.760000
0	791.800000
48	791.900000
33	791.980000
6	792.050000
96	792.060000
95	792.160000
74	792.190000
79	792.200000
94	792.250000
77	792.320000
21	792.420000
22	792.450000
1	792.640000
4	792.640000
20	792.660000
32	792.670000
26	792.770000
88	792.770000
89	792.770000
43	792.840000
85	792.840000
35	792.850000
49	792.890000
46	792.920000
61	792.940000
75	792.960000
12	792.980000
62	793.060000
54	793.110000
81	793.170000
2	793.180000
66	793.190000
7	793.200000
19	793.210000
55	793.240000
99	793.270000
25	793.280000
28	793.330000
29	793.340000
64	793.340000
42	793.390000
18	793.400000
65	793.590000
23	793.680000
40	793.680000
90	793.830000
5	793.860000
34	793.880000
15	793.950000
31	793.990000
45	794.030000
93	794.030000
98	794.050000
59	794.110000
38	794.120000
16	794.180000
91	794.230000
78	794.240000
8	794.260000
13	794.410000
83	794.430000
30	794.540000
36	794.620000
67	794.660000
9	794.670000
84	794.720000
69	794.790000
10	795.150000
3	795.270000
58	795.380000
72	795.430000
68	795.450000
82	795.460000
63	795.490000
50	795.630000
57	795.680000
56	796.370000
60	796.910000
51	875.410000
71	875.440000
24	875.820000
86	876.540000
52	876.710000
27	876.760000
97	876.760000
39	877.150000
87	877.200000
11	877.210000
92	877.360000
14	877.420000
80	877.550000
37	877.710000
70	877.860000
47	877.940000
44	877.990000
73	878.080000
17	878.120000
76	878.140000
53	878.150000
41	878.190000
0	878.230000
48	878.330000
33	878.410000
6	878.480000
96	878.490000
95	878.590000
74	878.620000
79	878.630000
94	878.680000
77	878.750000
21	878.850000
22	878.880000
1	879.070000
4	879.070000
20	879.090000
32	879.100000
26	879.200000
88	879.200000
89	879.200000
43	879.270000
85	879.270000
35	879.280000
49	879.320000
46	879.350000
61	879.370000
75	879.390000
12	879.410000
62	879.480000
54	879.540000
81	879.590000
2	879.610000
66	879.610000
7	879.620000
19	879.630000
55	879.660000
99	879.700000
25	879.710000
28	879.750000
29	879.760000
64	879.760000
42	879.810000
18	879.820000
65	880.010000
23	880.100000
40	880.100000
90	880.250000
5	880.280000
34	880.300000
15	880.370000
31	880.410000
45	880.450000
93	880.450000
98	880.470000
59	880.530000
38	880.540000
16	880.590000
91	880.650000
78	880.660000
8	880.680000
13	880.820000
83	880.840000
30	880.950000
36	881.040000
67	881.070000
9	881.080000
84	881.130000
69	881.200000
10	881.560000
3	881.670000
58	881.790000
72	881.840000
68	881.860000
82	881.870000
63	881.900000
50	882.030000
57	882.080000
56	882.770000
60	883.300000
51	961.840000
71	961.880000
24	962.260000
86	962.980000
52	963.140000
27	963.190000
97	963.190000
39	963.580000
87	963.640000
11	963.650000
92	963.800000
14	963.850000
80	963.980000
37	964.150000
70	964.290000
47	964.370000
44	964.420000
73	964.510000
17	964.560000
76	964.570000
53	964.580000
41	964.620000
0	964.670000
48	964.760000
33	964.840000
6	964.910000
96	964.920000
95	965.020000
74	965.050000
79	965.060000
94	965.110000
77	965.180000
21	965.280000
22	965.310000
1	965.500000
4	965.500000
20	965.520000
32	965.530000
26	965.630000
88	965.630000
89	965.630000
43	965.700000
85	965.700000
35	965.710000
49	965.750000
46	965.780000
61	965.790000
75	965.810000
12	965.830000
62	965.910000
54	965.970000
81	966.020000
2	966.030000
66	966.040000
7	966.050000
19	966.060000
55	966.090000
99	966.120000
25	966.130000
28	966.180000
29	966.190000
64	966.190000
42	966.230000
18	966.240000
65	966.430000
23	966.520000
40	966.520000
90	966.670000
5	966.700000
34	966.720000
15	966.790000
31	966.830000
45	966.870000
93	966.870000
98	966.890000
59	966.950000
38	966.960000
16	967.010000
91	967.070000
78	967.080000
8	967.100000
13	967.240000
83	967.260000
30	967.360000
36	967.450000
67	967.480000
9	967.490000
84	967.540000
69	967.610000
10	967.960000
3	968.080000
58	968.190000
72	968.240000
68	968.260000
82	968.270000
63	968.300000
50	968.430000
57	968.480000
56	969.170000
60	969.690000
51	1048.280000
71	1048.310000
24	1048.690000
86	1049.410000
52	1049.580000
27	1049.630000
97	1049.630000
39	1050.010000
87	1050.070000
11	1050.080000
92	1050.230000
14	1050.290000
80	1050.410000
37	1050.580000
70	1050.720000
47	1050.810000
44	1050.850000
73	1050.940000
17	1050.990000
76	1051.000000
53	1051.010000
41	1051.050000
0	1051.100000
48	1051.190000
33	1051.270000
6	1051.340000
96	1051.350000
95	1051.450000
74	1051.480000
79	1051.490000
94	1051.540000
77	1051.610000
21	1051.710000
22	1051.740000
1	1051.930000
4	1051.930000
20	1051.950000
32	1051.960000
26	1052.050000
88	1052.050000
89	1052.060000
43	1052.130000
85	1052.130000
35	1052.140000
49	1052.170000
46	1052.200000
61	1052.220000
75	1052.240000
12	1052.260000
62	1052.340000
54	1052.390000
81	1052.440000
2	1052.460000
66	1052.460000
7	1052.470000
19	1052.480000
55	1052.510000
99	1052.550000
25	1052.560000
28	1052.600000
29	1052.610000
64	1052.610000
42	1052.660000
18	1052.670000
65	1052.850000
23	1052.940000
40	1052.940000
90	1053.090000
5	1053.120000
34	1053.140000
15	1053.210000
31	1053.250000
45	1053.290000
93	1053.290000
98	1053.310000
59	1053.360000
38	1053.370000
16	1053.430000
91	1053.480000
78	1053.490000
8	1053.510000
13	1053.650000
83	1053.670000
30	1053.780000
36	1053.860000
67	1053.890000
9	1053.900000
84	1053.950000
69	1054.020000
10	1054.370000
3	1054.480000
58	1054.600000
72	1054.650000
68	1054.660000
82	1054.670000
63	1054.700000
50	1054.830000
57	1054.880000
56	1055.560000
60	1056.080000
51	1134.710000
71	1134.750000
24	1135.130000
86	1135.850000
52	1136.010000
27	1136.060000
97	1136.060000
39	1136.450000
87	1136.510000
11	1136.520000
92	1136.660000
14	1136.720000
80	1136.850000
37	1137.010000
70	1137.150000
47	1137.240000
44	1137.280000
73	1137.370000
17	1137.420000
76	1137.440000
53	1137.450000
41	1137.480000
0	1137.540000
48	1137.620000
33	1137.700000
6	1137.770000
96	1137.780000
95	1137.880000
74	1137.910000
79	1137.920000
94	1137.970000
77	1138.040000
21	1138.140000
22	1138.170000
1	1138.360000
4	1138.360000
20	1138.380000
32	1138.390000
26	1138.480000
88	1138.480000
89	1138.490000
43	1138.560000
85	1138.560000
35	1138.570000
49	1138.600000
46	1138.630000
61	1138.650000
75	1138.670000
12	1138.690000
62	1138.760000
54	1138.820000
81	1138.870000
2	1138.880000
66	1138.890000
7	1138.900000
19	1138.910000
55	1138.940000
99	1138.970000
25	1138.980000
28	1139.020000
29	1139.040000
64	1139.040000
42	1139.080000
18	1139.090000
65	1139.270000
23	1139.360000
40	1139.360000
90	1139.510000
5	1139.540000
34	1139.560000
15	1139.630000
31	1139.670000
45	1139.700000
93	1139.700000
98	1139.720000
59	1139.780000
38	1139.790000
16	1139.840000
91	1139.900000
78	1139.910000
8	1139.930000
13	1140.060000
83	1140.080000
30	1140.190000
36	1140.270000
67	1140.300000
9	1140.310000
84	1140.360000
69	1140.430000
10	1140.770000
3	1140.890000
58	1141.000000
72	1141.050000
68	1141.070000
82	1141.080000
63	1141.100000
50	1141.230000
57	1141.280000
56	1141.950000
60	1142.470000
51	1221.150000
71	1221.180000
24	1221.560000
86	1222.280000
52	1222.450000
27	1222.500000
97	1222.500000
39	1222.880000
87	1222.940000
11	1222.950000
92	1223.100000
14	1223.160000
80	1223.280000
37	1223.450000
70	1223.590000
47	1223.670000
44	1223.710000
73	1223.800000
17	1223.850000
76	1223.870000
53	1223.880000
41	1223.910000
0	1223.970000
48	1224.050000
33	1224.130000
6	1224.200000
96	1224.210000
95	1224.310000
74	1224.340000
79	1224.350000
94	1224.400000
77	1224.470000
21	1224.570000
22	1224.600000
1	1224.790000
4	1224.790000
20	1224.810000
32	1224.820000
26	1224.910000
88	1224.910000
89	1224.920000
85	1224.980000
35	1224.990000
43	1224.990000
49	1225.030000
46	1225.060000
61	1225.080000
75	1225.090000
12	1225.110000
62	1225.190000
54	1225.240000
81	1225.290000
2	1225.310000
66	1225.310000
7	1225.320000
19	1225.330000
55	1225.360000
99	1225.400000
25	1225.410000
28	1225.450000
29	1225.460000
64	1225.460000
42	1225.500000
18	1225.510000
65	1225.690000
23	1225.780000
40	1225.780000
90	1225.930000
5	1225.960000
34	1225.980000
15	1226.050000
31	1226.080000
45	1226.120000
93	1226.120000
98	1226.140000
59	1226.200000
38	1226.210000
16	1226.260000
91	1226.310000
78	1226.320000
8	1226.340000
13	1226.480000
83	1226.500000
30	1226.600000
36	1226.680000
67	1226.710000
9	1226.720000
84	1226.770000
69	1226.840000
10	1227.180000
3	1227.290000
58	1227.400000
72	1227.450000
68	1227.470000
82	1227.480000
63	1227.500000
50	1227.630000
57	1227.680000
56	1228.350000
60	1228.860000
51	1307.580000
71	1307.620000
24	1308.000000
86	1308.720000
52	1308.880000
27	1308.930000
97	1308.930000
39	1309.320000
87	1309.380000
11	1309.390000
92	1309.530000
14	1309.590000
80	1309.710000
37	1309.880000
70	1310.020000
47	1310.100000
44	1310.150000
73	1310.240000
17	1310.280000
76	1310.300000
53	1310.310000
41	1310.350000
0	1310.410000
48	1310.480000
33	1310.560000
6	1310.630000
96	1310.640000
95	1310.740000
74	1310.770000
79	1310.780000
94	1310.830000
77	1310.900000
21	1311.000000
22	1311.030000
1	1311.220000
4	1311.220000
20	1311.240000
32	1311.250000
26	1311.340000
88	1311.340000
89	1311.340000
43	1311.410000
85	1311.410000
35	1311.420000
49	1311.460000
46	1311.490000
61	1311.500000
75	1311.520000
12	1311.540000
62	1311.620000
54	1311.670000
81	1311.720000
2	1311.730000
66	1311.740000
7	1311.750000
19	1311.760000
55	1311.790000
99	1311.820000
25	1311.830000
28	1311.870000
29	1311.890000
64	1311.890000
42	1311.930000
18	1311.940000
65	1312.110000
23	1312.200000
40	1312.200000
90	1312.350000
5	1312.380000
34	1312.400000
15	1312.460000
31	1312.500000
45	1312.540000
93	1312.540000
98	1312.560000
59	1312.610000
38	1312.620000
16	1312.670000
91	1312.730000
78	1312.740000
8	1312.760000
13	1312.890000
83	1312.910000
30	1313.010000
36	1313.090000
67	1313.120000
9	1313.130000
84	1313.180000
69	1313.250000
10	1313.580000
3	1313.690000
58	1313.800000
72	1313.850000
68	1313.870000
82	1313.880000
63	1313.900000
50	1314.030000
57	1314.080000
56	1314.740000
60	1315.250000
51	1394.020000
71	1394.050000
24	1394.430000
86	1395.150000
52	1395.320000
27	1395.370000
97	1395.370000
39	1395.750000
87	1395.810000
11	1395.820000
92	1395.970000
14	1396.020000
80	1396.150000
37	1396.310000
70	1396.450000
47	1396.540000
44	1396.580000
73	1396.670000
17	1396.710000
76	1396.730000
53	1396.740000
41	1396.780000
0	1396.840000
48	1396.910000
33	1396.990000
6	1397.060000
96	1397.070000
95	1397.170000
74	1397.200000
79	1397.210000
94	1397.260000
77	1397.330000
21	1397.430000
22	1397.460000
1	1397.650000
4	1397.650000
20	1397.660000
32	1397.680000
26	1397.760000
88	1397.770000
89	1397.770000
43	1397.840000
85	1397.840000
35	1397.850000
49	1397.890000
46	1397.910000
61	1397.930000
75	1397.950000
12	1397.970000
62	1398.040000
54	1398.090000
81	1398.140000
2	1398.160000
66	1398.160000
7	1398.170000
19	1398.180000
55	1398.210000
25	1398.250000
99	1398.250000
28	1398.290000
29	1398.310000
64	1398.310000
42	1398.350000
18	1398.360000
65	1398.530000
23	1398.620000
40	1398.620000
90	1398.770000
5	1398.800000
34	1398.820000
15	1398.880000
31	1398.920000
93	1398.950000
45	1398.960000
98	1398.970000
59	1399.030000
38	1399.040000
16	1399.090000
91	1399.140000
78	1399.150000
8	1399.170000
13	1399.300000
83	1399.320000
30	1399.420000
36	1399.500000
67	1399.530000
9	1399.540000
84	1399.590000
69	1399.660000
10	1399.980000
3	1400.090000
58	1400.200000
72	1400.250000
68	1400.270000
82	1400.280000
63	1400.300000
50	1400.430000
57	1400.480000
56	1401.130000
60	1401.640000
51	1480.450000
71	1480.490000
24	1480.870000
86	1481.590000
52	1481.750000
27	1481.800000
97	1481.800000
39	1482.190000
11	1482.250000
87	1482.250000
92	1482.400000
14	1482.460000
80	1482.580000
37	1482.750000
70	1482.880000
47	1482.970000
44	1483.010000
73	1483.100000
17	1483.150000
76	1483.160000
53	1483.170000
41	1483.210000
0	1483.280000
48	1483.340000
33	1483.420000
6	1483.490000
96	1483.500000
95	1483.600000
74	1483.630000
79	1483.640000
94	1483.690000
77	1483.760000
21	1483.860000
22	1483.890000
1	1484.070000
4	1484.070000
20	1484.090000
32	1484.110000
26	1484.190000
88	1484.200000
89	1484.200000
43	1484.270000
85	1484.270000
35	1484.280000
49	1484.310000
46	1484.340000
61	1484.360000
75	1484.370000
12	1484.390000
62	1484.470000
54	1484.520000
81	1484.570000
2	1484.580000
66	1484.590000
7	1484.600000
19	1484.610000
55	1484.640000
99	1484.670000
25	1484.680000
28	1484.720000
64	1484.730000
29	1484.740000
42	1484.770000
18	1484.780000
65	1484.950000
23	1485.040000
40	1485.040000
90	1485.190000
5	1485.220000
34	1485.230000
15	1485.300000
31	1485.330000
45	1485.370000
93	1485.370000
98	1485.390000
59	1485.440000
38	1485.450000
16	1485.500000
91	1485.560000
78	1485.570000
8	1485.580000
13	1485.710000
83	1485.730000
30	1485.830000
36	1485.910000
67	1485.940000
9	1485.950000
84	1486.000000
69	1486.060000
10	1486.390000
3	1486.490000
58	1486.600000
72	1486.650000
68	1486.670000
82	1486.680000
63	1486.700000
50	1486.830000
57	1486.870000
56	1487.520000
60	1488.020000
51	1566.890000
71	1566.920000
24	1567.300000
86	1568.020000
52	1568.190000
27	1568.240000
97	1568.240000
39	1568.620000
87	1568.680000
11	1568.690000
92	1568.830000
14	1568.890000
80	1569.010000
37	1569.180000
70	1569.320000
47	1569.400000
44	1569.440000
73	1569.530000
17	1569.580000
76	1569.590000
53	1569.600000
41	1569.640000
0	1569.710000
48	1569.770000
33	1569.850000
6	1569.920000
96	1569.930000
95	1570.030000
74	1570.060000
79	1570.070000
94	1570.120000
77	1570.190000
21	1570.290000
22	1570.320000
1	1570.500000
4	1570.500000
20	1570.520000
32	1570.540000
26	1570.620000
88	1570.620000
89	1570.630000
43	1570.690000
85	1570.690000
35	1570.700000
49	1570.740000
46	1570.770000
61	1570.780000
75	1570.800000
12	1570.820000
62	1570.890000
54	1570.940000
81	1570.990000
2	1571.010000
66	1571.010000
7	1571.020000
19	1571.030000
55	1571.060000
99	1571.090000
25	1571.100000
28	1571.140000
29	1571.160000
64	1571.160000
18	1571.200000
42	1571.200000
65	1571.370000
23	1571.460000
40	1571.460000
90	1571.610000
5	1571.630000
34	1571.650000
15	1571.710000
31	1571.750000
45	1571.790000
93	1571.790000
98	1571.800000
59	1571.860000
38	1571.870000
16	1571.920000
91	1571.970000
78	1571.980000
8	1572.000000
13	1572.120000
83	1572.140000
30	1572.240000
36	1572.320000
67	1572.350000
9	1572.360000
84	1572.400000
69	1572.470000
10	1572.790000
3	1572.890000
58	1573.000000
72	1573.050000
68	1573.070000
82	1573.080000
63	1573.100000
50	1573.220000
57	1573.270000
56	1573.910000
60	1574.410000
51	1653.320000
71	1653.360000
24	1653.740000
86	1654.460000
52	1654.620000
27	1654.670000
97	1654.670000
39	1655.050000
11	1655.120000
87	1655.120000
92	1655.270000
14	1655.330000
80	1655.450000
37	1655.610000
70	1655.750000
47	1655.830000
44	1655.880000
73	1655.960000
17	1656.010000
76	1656.030000
53	1656.040000
41	1656.070000
0	1656.150000
48	1656.200000
33	1656.280000
6	1656.350000
96	1656.360000
95	1656.460000
74	1656.490000
79	1656.500000
94	1656.550000
77	1656.620000
21	1656.720000
22	1656.750000
1	1656.930000
4	1656.930000
20	1656.950000
32	1656.970000
26	1657.050000
88	1657.050000
89	1657.060000
43	1657.120000
85	1657.120000
35	1657.130000
49	1657.170000
46	1657.200000
61	1657.210000
75	1657.230000
12	1657.250000
62	1657.320000
54	1657.370000
81	1657.420000
2	1657.430000
66	1657.440000
7	1657.450000
19	1657.460000
55	1657.480000
25	1657.520000
99	1657.520000
28	1657.560000
29	1657.580000
64	1657.580000
42	1657.620000
18	1657.630000
65	1657.790000
23	1657.880000
40	1657.880000
90	1658.020000
5	1658.050000
34	1658.070000
15	1658.130000
31	1658.170000
45	1658.200000
93	1658.200000
98	1658.220000
59	1658.270000
38	1658.280000
16	1658.330000
91	1658.380000
78	1658.390000
8	1658.410000
13	1658.530000
83	1658.550000
30	1658.650000
36	1658.730000
67	1658.760000
9	1658.770000
84	1658.810000
69	1658.880000
10	1659.190000
3	1659.290000
58	1659.400000
72	1659.450000
68	1659.470000
82	1659.480000
63	1659.500000
50	1659.620000
57	1659.670000
56	1660.300000
60	1660.790000
51	1739.760000
71	1739.790000
24	1740.170000
86	1740.890000
52	1741.060000
27	1741.110000
97	1741.110000
39	1741.490000
87	1741.550000
11	1741.560000
92	1741.700000
14	1741.760000
80	1741.880000
37	1742.050000
70	1742.180000
47	1742.270000
44	1742.310000
73	1742.390000
17	1742.440000
76	1742.460000
53	1742.470000
41	1742.500000
0	1742.580000
48	1742.630000
33	1742.710000
6	1742.780000
96	1742.790000
95	1742.890000
74	1742.920000
79	1742.930000
94	1742.980000
77	1743.050000
21	1743.150000
22	1743.180000
1	1743.360000
4	1743.360000
20	1743.380000
32	1743.400000
26	1743.470000
88	1743.480000
89	1743.480000
43	1743.550000
85	1743.550000
35	1743.560000
49	1743.590000
46	1743.620000
61	1743.630000
75	1743.650000
12	1743.670000
62	1743.740000
54	1743.790000
81	1743.840000
2	1743.860000
66	1743.860000
7	1743.870000
19	1743.880000
55	1743.910000
99	1743.940000
25	1743.950000
28	1743.990000
29	1744.000000
64	1744.000000
42	1744.040000
18	1744.050000
65	1744.210000
23	1744.300000
40	1744.300000
90	1744.440000
5	1744.470000
34	1744.490000
15	1744.550000
31	1744.580000
45	1744.620000
93	1744.620000
98	1744.630000
59	1744.690000
38	1744.700000
16	1744.740000
91	1744.790000
78	1744.800000
8	1744.820000
13	1744.940000
83	1744.960000
30	1745.060000
36	1745.140000
67	1745.160000
9	1745.170000
84	1745.220000
69	1745.280000
10	1745.590000
3	1745.690000
58	1745.800000
72	1745.850000
68	1745.860000
82	1745.870000
63	1745.890000
50	1746.010000
57	1746.060000
56	1746.690000
60	1747.170000
51	1826.190000
71	1826.230000
24	1826.610000
86	1827.330000
52	1827.490000
27	1827.540000
97	1827.540000
39	1827.920000
11	1827.990000
87	1827.990000
92	1828.140000
14	1828.190000
80	1828.310000
37	1828.480000
70	1828.610000
47	1828.700000
44	1828.740000
73	1828.830000
17	1828.870000
76	1828.890000
53	1828.900000
41	1828.940000
0	1829.020000
48	1829.060000
33	1829.140000
6	1829.210000
96	1829.220000
95	1829.320000
74	1829.350000
79	1829.360000
94	1829.410000
77	1829.480000
21	1829.580000
22	1829.610000
1	1829.790000
4	1829.790000
20	1829.800000
32	1829.820000
26	1829.900000
88	1829.900000
89	1829.910000
35	1829.980000
43	1829.980000
85	1829.980000
49	1830.020000
46	1830.050000
61	1830.060000
75	1830.080000
12	1830.100000
62	1830.170000
54	1830.220000
81	1830.270000
2	1830.280000
7	1830.290000
66	1830.290000
19	1830.300000
55	1830.330000
99	1830.360000
25	1830.370000
28	1830.410000
29	1830.430000
64	1830.430000
42	1830.460000
18	1830.470000
65	1830.630000
23	1830.720000
40	1830.720000
90	1830.860000
5	1830.890000
34	1830.900000
15	1830.960000
31	1831.000000
45	1831.030000
93	1831.030000
98	1831.050000
59	1831.100000
38	1831.110000
16	1831.160000
91	1831.210000
78	1831.220000
8	1831.230000
13	1831.350000
83	1831.370000
30	1831.470000
36	1831.540000
67	1831.570000
9	1831.580000
84	1831.620000
69	1831.690000
10	1831.990000
3	1832.090000
58	1832.190000
72	1832.240000
68	1832.260000
82	1832.270000
63	1832.290000
50	1832.410000
57	1832.460000
56	1833.070000
60	1833.560000
51	1912.630000
71	1912.660000
24	1913.040000
86	1913.760000
52	1913.930000
27	1913.980000
97	1913.980000
39	1914.360000
87	1914.420000
11	1914.430000
92	1914.570000
14	1914.630000
80	1914.750000
37	1914.910000
70	1915.050000
47	1915.130000
44	1915.170000
73	1915.260000
17	1915.300000
76	1915.320000
53	1915.330000
41	1915.370000
0	1915.450000
48	1915.490000
33	1915.570000
6	1915.640000
96	1915.650000
95	1915.750000
74	1915.780000
79	1915.790000
94	1915.840000
77	1915.910000
21	1916.010000
22	1916.040000
1	1916.210000
4	1916.210000
20	1916.230000
32	1916.250000
26	1916.330000
88	1916.330000
89	1916.340000
43	1916.400000
35	1916.410000
85	1916.410000
49	1916.450000
46	1916.480000
61	1916.490000
75	1916.500000
12	1916.520000
62	1916.590000
54	1916.640000
81	1916.690000
2	1916.710000
66	1916.710000
7	1916.720000
19	1916.730000
55	1916.760000
25	1916.790000
99	1916.790000
28	1916.830000
29	1916.850000
64	1916.850000
42	1916.890000
18	1916.900000
65	1917.050000
23	1917.140000
40	1917.140000
90	1917.280000
5	1917.300000
34	1917.320000
15	1917.380000
31	1917.410000
45	1917.450000
93	1917.450000
98	1917.460000
38	1917.520000
59	1917.520000
16	1917.570000
91	1917.620000
78	1917.630000
8	1917.650000
13	1917.760000
83	1917.780000
30	1917.880000
36	1917.950000
67	1917.980000
9	1917.990000
84	1918.030000
69	1918.090000
10	1918.390000
3	1918.490000
58	1918.590000
72	1918.640000
68	1918.660000
82	1918.670000
63	1918.690000
50	1918.800000
57	1918.850000
56	1919.460000
60	1919.940000
51	1999.060000
71	1999.100000
24	1999.480000
86	2000.200000
52	2000.360000
27	2000.410000
97	2000.410000
39	2000.790000
11	2000.860000
87	2000.860000
92	2001.000000
14	2001.060000
80	2001.180000
37	2001.350000
70	2001.480000
47	2001.560000
44	2001.600000
73	2001.690000
17	2001.740000
76	2001.750000
53	2001.760000
41	2001.800000
0	2001.890000
48	2001.920000
33	2002.000000
6	2002.070000
96	2002.080000
95	2002.180000
74	2002.210000
79	2002.220000
94	2002.270000
77	2002.340000
21	2002.440000
22	2002.470000
1	2002.640000
4	2002.640000
20	2002.660000
32	2002.680000
26	2002.760000
88	2002.760000
89	2002.770000
43	2002.830000
85	2002.830000
35	2002.840000
49	2002.870000
46	2002.900000
61	2002.910000
75	2002.930000
12	2002.950000
62	2003.020000
54	2003.070000
81	2003.110000
2	2003.130000
66	2003.130000
7	2003.140000
19	2003.150000
55	2003.180000
99	2003.210000
25	2003.220000
28	2003.260000
29	2003.270000
64	2003.270000
42	2003.310000
18	2003.320000
65	2003.470000
23	2003.560000
40	2003.560000
90	2003.690000
5	2003.720000
34	2003.740000
15	2003.790000
31	2003.830000
45	2003.860000
93	2003.860000
98	2003.880000
59	2003.930000
38	2003.940000
16	2003.980000
91	2004.030000
78	2004.040000
8	2004.060000
13	2004.170000
83	2004.190000
30	2004.290000
36	2004.360000
9	2004.390000
67	2004.390000
84	2004.430000
69	2004.500000
10	2004.790000
3	2004.890000
58	2004.990000
72	2005.030000
68	2005.050000
82	2005.060000
63	2005.080000
50	2005.200000
57	2005.240000
56	2005.840000
60	2006.320000
51	2085.500000
71	2085.530000
24	2085.910000
86	2086.630000
52	2086.800000
27	2086.850000
97	2086.850000
39	2087.230000
87	2087.290000
11	2087.300000
92	2087.440000
14	2087.500000
80	2087.620000
37	2087.780000
70	2087.910000
47	2088.000000
44	2088.040000
73	2088.120000
17	2088.170000
76	2088.180000
53	2088.200000
41	2088.230000
0	2088.320000
48	2088.360000
33	2088.430000
6	2088.500000
96	2088.510000
95	2088.610000
74	2088.640000
79	2088.650000
94	2088.700000
77	2088.770000
21	2088.870000
22	2088.900000
1	2089.070000
4	2089.070000
20	2089.090000
32	2089.110000
26	2089.180000
88	2089.180000
89	2089.190000
35	2089.260000
43	2089.260000
85	2089.260000
49	2089.300000
46	2089.330000
61	2089.340000
75	2089.360000
12	2089.380000
62	2089.440000
54	2089.490000
81	2089.540000
2	2089.560000
66	2089.560000
7	2089.570000
19	2089.580000
55	2089.610000
99	2089.630000
25	2089.640000
28	2089.680000
29	2089.700000
64	2089.700000
42	2089.730000
18	2089.740000
65	2089.890000
23	2089.980000
40	2089.980000
90	2090.110000
5	2090.140000
34	2090.150000
15	2090.210000
31	2090.240000
45	2090.280000
93	2090.280000
98	2090.290000
59	2090.340000
38	2090.350000
16	2090.400000
91	2090.440000
78	2090.450000
8	2090.470000
13	2090.580000
83	2090.600000
30	2090.700000
36	2090.760000
67	2090.790000
9	2090.800000
84	2090.840000
69	2090.900000
10	2091.190000
3	2091.290000
58	2091.380000
72	2091.430000
68	2091.450000
82	2091.460000
63	2091.480000
50	2091.590000
57	2091.640000
56	2092.230000
60	2092.700000
51	2171.930000
71	2171.970000
24	2172.350000
86	2173.070000
52	2173.230000
27	2173.280000
97	2173.280000
39	2173.660000
11	2173.730000
87	2173.730000
92	2173.870000
14	2173.930000
80	2174.050000
37	2174.210000
70	2174.340000
47	2174.430000
44	2174.470000
73	2174.550000
17	2174.600000
76	2174.610000
53	2174.630000
41	2174.660000
0	2174.760000
48	2174.790000
33	2174.860000
6	2174.930000
96	2174.940000
95	2175.040000
74	2175.070000
79	2175.080000
94	2175.130000
77	2175.200000
21	2175.300000
22	2175.330000
1	2175.500000
4	2175.500000
20	2175.520000
32	2175.530000
26	2175.610000
88	2175.610000
89	2175.620000
43	2175.680000
35	2175.690000
85	2175.690000
49	2175.730000
46	2175.760000
61	2175.760000
75	2175.780000
12	2175.800000
62	2175.870000
54	2175.910000
81	2175.960000
2	2175.980000
66	2175.980000
7	2175.990000
19	2176.000000
55	2176.030000
25	2176.060000
99	2176.060000
28	2176.100000
29	2176.120000
64	2176.120000
42	2176.150000
18	2176.160000
65	2176.310000
23	2176.400000
40	2176.400000
90	2176.530000
5	2176.550000
34	2176.570000
15	2176.620000
31	2176.660000
45	2176.690000
93	2176.690000
98	2176.710000
59	2176.760000
38	2176.770000
16	2176.810000
91	2176.850000
78	2176.860000
8	2176.880000
13	2176.990000
83	2177.010000
30	2177.100000
36	2177.170000
67	2177.200000
9	2177.210000
84	2177.240000
69	2177.310000
10	2177.590000
3	2177.680000
58	2177.780000
72	2177.820000
68	2177.840000
82	2177.850000
63	2177.870000
50	2177.980000
57	2178.030000
56	2178.610000
60	2179.080000
51	2258.370000
71	2258.400000
24	2258.780000
86	2259.500000
52	2259.670000
27	2259.720000
97	2259.720000
39	2260.100000
11	2260.160000
87	2260.160000
92	2260.310000
14	2260.370000
80	2260.480000
37	2260.650000
70	2260.780000
47	2260.860000
44	2260.900000
73	2260.990000
17	2261.030000
76	2261.050000
53	2261.060000
41	2261.090000
0	2261.190000
48	2261.220000
33	2261.290000
6	2261.360000
96	2261.370000
95	2261.470000
74	2261.500000
79	2261.510000
94	2261.560000
77	2261.630000
21	2261.730000
22	2261.760000
1	2261.920000
4	2261.920000
20	2261.940000
32	2261.960000
26	2262.040000
88	2262.040000
89	2262.050000
43	2262.110000
85	2262.110000
35	2262.120000
49	2262.150000
46	2262.180000
61	2262.190000
75	2262.210000
12	2262.230000
62	2262.290000
54	2262.340000
81	2262.390000
2	2262.410000
66	2262.410000
7	2262.420000
19	2262.430000
55	2262.450000
99	2262.480000
25	2262.490000
28	2262.530000
29	2262.540000
64	2262.540000
42	2262.580000
18	2262.590000
65	2262.730000
23	2262.820000
40	2262.820000
90	2262.940000
5	2262.970000
34	2262.980000
15	2263.040000
31	2263.070000
45	2263.100000
93	2263.100000
98	2263.120000
59	2263.170000
38	2263.180000
16	2263.220000
91	2263.260000
78	2263.270000
8	2263.290000
13	2263.400000
83	2263.420000
30	2263.510000
36	2263.580000
67	2263.600000
9	2263.610000
84	2263.650000
69	2263.710000
10	2263.990000
3	2264.080000
58	2264.170000
72	2264.220000
68	2264.240000
82	2264.250000
63	2264.270000
50	2264.380000
57	2264.420000
56	2265.000000
60	2265.460000
51	2344.800000
71	2344.840000
24	2345.220000
86	2345.940000
52	2346.100000
27	2346.150000
97	2346.150000
39	2346.530000
11	2346.600000
87	2346.600000
92	2346.740000
14	2346.800000
80	2346.920000
37	2347.080000
70	2347.210000
47	2347.290000
44	2347.330000
73	2347.420000
17	2347.460000
76	2347.480000
53	2347.490000
41	2347.530000
0	2347.630000
48	2347.650000
33	2347.720000
6	2347.790000
96	2347.800000
95	2347.900000
74	2347.930000
79	2347.940000
94	2347.990000
77	2348.060000
21	2348.160000
22	2348.190000
1	2348.350000
4	2348.350000
20	2348.370000
32	2348.390000
26	2348.470000
88	2348.470000
89	2348.480000
43	2348.530000
35	2348.540000
85	2348.540000
49	2348.580000
46	2348.610000
61	2348.620000
75	2348.640000
12	2348.650000
62	2348.720000
54	2348.760000
81	2348.810000
2	2348.830000
66	2348.830000
7	2348.840000
19	2348.850000
55	2348.880000
99	2348.900000
25	2348.910000
28	2348.950000
29	2348.960000
64	2348.960000
42	2349.000000
18	2349.010000
65	2349.150000
23	2349.240000
40	2349.240000
90	2349.360000
5	2349.390000
34	2349.400000
15	2349.450000
31	2349.490000
45	2349.520000
93	2349.520000
98	2349.540000
59	2349.580000
38	2349.590000
16	2349.640000
78	2349.680000
91	2349.680000
8	2349.700000
13	2349.810000
83	2349.830000
30	2349.920000
36	2349.980000
67	2350.010000
9	2350.020000
84	2350.050000
69	2350.110000
10	2350.390000
3	2350.480000
58	2350.570000
72	2350.610000
68	2350.630000
82	2350.640000
63	2350.660000
50	2350.770000
57	2350.810000
56	2351.380000
60	2351.840000
51	2431.240000
71	2431.270000
24	2431.650000
86	2432.370000
52	2432.540000
27	2432.590000
97	2432.590000
39	2432.960000
11	2433.030000
87	2433.030000
92	2433.180000
14	2433.240000
80	2433.350000
37	2433.510000
70	2433.640000
47	2433.720000
44	2433.760000
73	2433.850000
17	2433.890000
76	2433.910000
53	2433.920000
41	2433.960000
0	2434.060000
48	2434.080000
33	2434.150000
6	2434.220000
96	2434.230000
95	2434.330000
74	2434.360000
79	2434.370000
94	2434.420000
77	2434.490000
21	2434.590000
22	2434.620000
1	2434.780000
4	2434.780000
20	2434.800000
32	2434.820000
26	2434.890000
88	2434.890000
89	2434.900000
43	2434.960000
85	2434.960000
35	2434.970000
49	2435.000000
46	2435.030000
61	2435.040000
75	2435.060000
12	2435.080000
62	2435.140000
54	2435.190000
81	2435.240000
2	2435.250000
7	2435.260000
66	2435.260000
19	2435.270000
55	2435.300000
25	2435.330000
99	2435.330000
28	2435.370000
29	2435.390000
64	2435.390000
42	2435.420000
18	2435.430000
65	2435.570000
23	2435.660000
40	2435.660000
90	2435.780000
5	2435.800000
34	2435.820000
15	2435.870000
31	2435.900000
45	2435.930000
93	2435.930000
98	2435.950000
59	2436.000000
38	2436.010000
16	2436.050000
78	2436.090000
91	2436.090000
8	2436.110000
13	2436.220000
83	2436.240000
30	2436.330000
36	2436.390000
67	2436.420000
9	2436.430000
84	2436.460000
69	2436.520000
10	2436.790000
3	2436.880000
58	2436.960000
72	2437.010000
68	2437.030000
82	2437.040000
63	2437.060000
50	2437.160000
57	2437.200000
56	2437.760000
60	2438.220000
51	2517.670000
71	2517.710000
24	2518.090000
86	2518.810000
52	2518.970000
27	2519.020000
97	2519.020000
39	2519.400000
11	2519.470000
87	2519.470000
92	2519.610000
14	2519.670000
80	2519.790000
37	2519.950000
70	2520.070000
47	2520.160000
44	2520.200000
73	2520.280000
17	2520.320000
76	2520.340000
53	2520.360000
41	2520.390000
0	2520.500000
48	2520.510000
33	2520.580000
6	2520.650000
96	2520.660000
95	2520.760000
74	2520.790000
79	2520.800000
94	2520.850000
77	2520.920000
21	2521.020000
22	2521.050000
1	2521.210000
4	2521.210000
20	2521.230000
32	2521.240000
26	2521.320000
88	2521.320000
89	2521.330000
43	2521.390000
85	2521.390000
35	2521.400000
49	2521.430000
46	2521.460000
61	2521.470000
75	2521.490000
12	2521.510000
62	2521.570000
54	2521.610000
81	2521.660000
2	2521.680000
66	2521.680000
7	2521.690000
19	2521.700000
55	2521.730000
99	2521.750000
25	2521.760000
28	2521.800000
29	2521.810000
64	2521.810000
42	2521.840000
18	2521.850000
65	2521.990000
23	2522.080000
40	2522.080000
90	2522.190000
5	2522.220000
34	2522.230000
15	2522.280000
31	2522.320000
45	2522.350000
93	2522.350000
98	2522.360000
59	2522.410000
38	2522.420000
16	2522.460000
91	2522.500000
78	2522.510000
8	2522.520000
13	2522.630000
83	2522.650000
30	2522.730000
36	2522.800000
67	2522.820000
9	2522.830000
84	2522.860000
69	2522.920000
10	2523.190000
3	2523.270000
58	2523.360000
72	2523.400000
68	2523.420000
82	2523.430000
63	2523.450000
50	2523.550000
57	2523.590000
56	2524.140000
60	2524.590000
51	2604.110000
71	2604.140000
24	2604.520000
86	2605.240000
52	2605.410000
27	2605.460000
97	2605.460000
39	2605.830000
11	2605.900000
87	2605.900000
92	2606.050000
14	2606.100000
80	2606.220000
37	2606.380000
70	2606.510000
47	2606.590000
44	2606.630000
73	2606.710000
17	2606.760000
76	2606.770000
53	2606.790000
41	2606.820000
0	2606.930000
48	2606.940000
33	2607.010000
6	2607.080000
96	2607.090000
95	2607.190000
74	2607.220000
79	2607.230000
94	2607.280000
77	2607.350000
21	2607.450000
22	2607.480000
1	2607.630000
4	2607.630000
20	2607.650000
32	2607.670000
26	2607.750000
88	2607.750000
89	2607.760000
43	2607.810000
85	2607.810000
35	2607.820000
49	2607.850000
46	2607.880000
61	2607.890000
75	2607.910000
12	2607.930000
62	2607.990000
54	2608.040000
81	2608.080000
2	2608.100000
66	2608.100000
7	2608.110000
19	2608.120000
55	2608.150000
99	2608.170000
25	2608.180000
28	2608.220000
29	2608.230000
64	2608.230000
42	2608.270000
18	2608.280000
65	2608.410000
23	2608.500000
40	2608.500000
90	2608.610000
5	2608.640000
34	2608.650000
15	2608.700000
31	2608.730000
45	2608.760000
93	2608.760000
98	2608.780000
59	2608.820000
38	2608.830000
16	2608.870000
91	2608.910000
78	2608.920000
8	2608.930000
13	2609.040000
83	2609.060000
30	2609.140000
36	2609.200000
67	2609.230000
9	2609.240000
84	2609.270000
69	2609.320000
10	2609.580000
3	2609.670000
58	2609.750000
72	2609.800000
68	2609.820000
82	2609.820000
63	2609.850000
50	2609.950000
57	2609.990000
56	2610.530000
60	2610.970000
51	2690.540000
71	2690.580000
24	2690.960000
86	2691.680000
52	2691.840000
27	2691.890000
97	2691.890000
39	2692.270000
11	2692.340000
87	2692.340000
92	2692.480000
14	2692.540000
80	2692.650000
37	2692.810000
70	2692.940000
47	2693.020000
44	2693.060000
73	2693.150000
17	2693.190000
76	2693.200000
53	2693.220000
41	2693.250000
0	2693.370000
48	2693.370000
33	2693.440000
6	2693.510000
96	2693.520000
95	2693.620000
74	2693.650000
79	2693.660000
94	2693.710000
77	2693.780000
21	2693.880000
22	2693.910000
1	2694.060000
4	2694.060000
20	2694.080000
32	2694.100000
26	2694.170000
88	2694.170000
89	2694.180000
43	2694.240000
85	2694.240000
35	2694.250000
49	2694.280000
46	2694.310000
61	2694.320000
75	2694.340000
12	2694.360000
62	2694.420000
54	2694.460000
81	2694.510000
2	2694.530000
66	2694.530000
7	2694.540000
19	2694.550000
55	2694.570000
99	2694.590000
25	2694.600000
28	2694.640000
64	2694.650000
29	2694.660000
42	2694.690000
18	2694.700000
65	2694.830000
23	2694.920000
40	2694.920000
90	2695.030000
5	2695.050000
34	2695.060000
15	2695.110000
31	2695.150000
93	2695.170000
45	2695.180000
98	2695.190000
59	2695.240000
38	2695.250000
16	2695.280000
91	2695.320000
78	2695.330000
8	2695.340000
13	2695.450000
83	2695.470000
30	2695.550000
36	2695.610000
67	2695.630000
9	2695.640000
84	2695.670000
69	2695.730000
10	2695.980000
3	2696.070000
58	2696.150000
72	2696.190000
68	2696.210000
82	2696.220000
63	2696.240000
50	2696.340000
57	2696.380000
56	2696.910000
60	2697.350000
51	2776.980000
71	2777.010000
24	2777.390000
86	2778.110000
52	2778.280000
27	2778.330000
97	2778.330000
39	2778.700000
11	2778.770000
87	2778.770000
92	2778.920000
14	2778.970000
80	2779.090000
37	2779.250000
70	2779.370000
47	2779.450000
44	2779.490000
73	2779.580000
17	2779.620000
76	2779.640000
53	2779.650000
41	2779.690000
0	2779.800000
48	2779.800000
33	2779.870000
6	2779.940000
96	2779.950000
95	2780.050000
74	2780.080000
79	2780.090000
94	2780.140000
77	2780.210000
21	2780.310000
22	2780.340000
1	2780.490000
4	2780.490000
20	2780.510000
32	2780.530000
26	2780.600000
88	2780.600000
89	2780.610000
43	2780.670000
85	2780.670000
35	2780.680000
49	2780.710000
46	2780.730000
61	2780.740000
75	2780.760000
12	2780.780000
62	2780.840000
54	2780.890000
81	2780.930000
2	2780.950000
66	2780.950000
7	2780.960000
19	2780.970000
55	2781.000000
99	2781.020000
25	2781.030000
28	2781.070000
29	2781.080000
64	2781.080000
42	2781.110000
18	2781.120000
65	2781.250000
23	2781.340000
40	2781.340000
90	2781.440000
5	2781.470000
34	2781.480000
15	2781.530000
31	2781.560000
45	2781.590000
93	2781.590000
98	2781.600000
59	2781.650000
38	2781.660000
16	2781.700000
91	2781.730000
78	2781.740000
8	2781.750000
13	2781.860000
83	2781.880000
30	2781.960000
36	2782.020000
67	2782.040000
9	2782.050000
84	2782.080000
69	2782.130000
10	2782.380000
3	2782.460000
58	2782.540000
72	2782.590000
68	2782.610000
82	2782.610000
63	2782.630000
50	2782.730000
57	2782.770000
56	2783.290000
60	2783.720000
51	2863.410000
71	2863.450000
24	2863.830000
86	2864.550000
52	2864.710000
27	2864.760000
97	2864.760000
39	2865.140000
11	2865.210000
87	2865.210000
92	2865.350000
14	2865.410000
80	2865.520000
37	2865.680000
70	2865.800000
47	2865.880000
44	2865.920000
73	2866.010000
17	2866.050000
76	2866.070000
53	2866.080000
41	2866.120000
0	2866.240000
48	2866.240000
33	2866.300000
6	2866.370000
96	2866.380000
95	2866.480000
74	2866.510000
79	2866.520000
94	2866.570000
77	2866.640000
21	2866.740000
22	2866.770000
1	2866.910000
4	2866.920000
20	2866.930000
32	2866.950000
26	2867.030000
88	2867.030000
89	2867.030000
43	2867.090000
85	2867.090000
35	2867.100000
49	2867.130000
46	2867.160000
61	2867.170000
75	2867.190000
12	2867.210000
62	2867.270000
54	2867.310000
81	2867.350000
2	2867.370000
66	2867.370000
7	2867.380000
19	2867.390000
55	2867.420000
99	2867.440000
25	2867.450000
28	2867.490000
29	2867.500000
64	2867.500000
42	2867.530000
18	2867.540000
65	2867.670000
23	2867.760000
40	2867.760000
90	2867.860000
5	2867.880000
34	2867.890000
15	2867.940000
31	2867.980000
93	2868.000000
45	2868.010000
98	2868.020000
59	2868.060000
38	2868.070000
16	2868.110000
78	2868.150000
91	2868.150000
8	2868.160000
13	2868.270000
83	2868.290000
30	2868.360000
36	2868.420000
9	2868.450000
67	2868.450000
84	2868.480000
69	2868.540000
10	2868.780000
3	2868.860000
58	2868.940000
72	2868.980000
68	2869.000000
82	2869.010000
63	2869.030000
50	2869.120000
57	2869.160000
56	2869.670000
60	2870.100000
51	2949.850000
71	2949.880000
24	2950.260000
86	2950.980000
52	2951.150000
27	2951.200000
97	2951.200000
39	2951.570000
11	2951.640000
87	2951.640000
92	2951.790000
14	2951.840000
80	2951.960000
37	2952.110000
70	2952.240000
47	2952.320000
44	2952.360000
73	2952.440000
17	2952.480000
76	2952.500000
53	2952.520000
41	2952.550000
0	2952.670000
48	2952.670000
33	2952.730000
6	2952.800000
96	2952.810000
95	2952.910000
74	2952.940000
79	2952.950000
94	2953.000000
77	2953.070000
21	2953.170000
22	2953.200000
1	2953.340000
4	2953.340000
20	2953.360000
32	2953.380000
26	2953.450000
88	2953.450000
89	2953.460000
43	2953.520000
85	2953.520000
35	2953.530000
49	2953.560000
46	2953.590000
61	2953.600000
75	2953.620000
12	2953.630000
62	2953.690000
54	2953.740000
81	2953.780000
2	2953.800000
66	2953.800000
7	2953.810000
19	2953.820000
55	2953.850000
25	2953.870000
99	2953.870000
28	2953.910000
64	2953.920000
29	2953.930000
42	2953.960000
18	2953.970000
65	2954.090000
23	2954.180000
40	2954.180000
90	2954.280000
5	2954.300000
34	2954.310000
15	2954.360000
31	2954.390000
45	2954.420000
93	2954.420000
98	2954.430000
59	2954.480000
38	2954.490000
16	2954.520000
91	2954.560000
78	2954.570000
8	2954.580000
13	2954.680000
83	2954.700000
30	2954.770000
36	2954.830000
67	2954.850000
9	2954.860000
84	2954.890000
69	2954.940000
10	2955.180000
3	2955.260000
58	2955.330000
72	2955.380000
68	2955.390000
82	2955.400000
63	2955.420000
50	2955.520000
57	2955.550000
56	2956.050000
60	2956.480000
51	3036.280000
71	3036.320000
24	3036.700000
86	3037.420000
52	3037.580000
27	3037.630000
97	3037.630000
39	3038.010000
11	3038.080000
87	3038.080000
92	3038.220000
14	3038.280000
80	3038.390000
37	3038.550000
70	3038.670000
47	3038.750000
44	3038.790000
73	3038.870000
17	3038.910000
76	3038.930000
53	3038.950000
41	3038.980000
48	3039.100000
0	3039.110000
33	3039.160000
6	3039.230000
96	3039.240000
95	3039.340000
74	3039.370000
79	3039.380000
94	3039.430000
77	3039.500000
21	3039.600000
22	3039.630000
1	3039.770000
4	3039.770000
20	3039.790000
32	3039.810000
26	3039.880000
88	3039.880000
89	3039.890000
43	3039.940000
85	3039.940000
35	3039.950000
49	3039.980000
46	3040.010000
61	3040.020000
75	3040.040000
12	3040.060000
62	3040.120000
54	3040.160000
81	3040.200000
2	3040.220000
66	3040.220000
7	3040.230000
19	3040.240000
55	3040.270000
99	3040.290000
25	3040.300000
28	3040.340000
29	3040.350000
64	3040.350000
42	3040.380000
18	3040.390000
65	3040.510000
23	3040.600000
40	3040.600000
90	3040.690000
5	3040.720000
34	3040.730000
15	3040.770000
31	3040.810000
93	3040.830000
45	3040.840000
98	3040.850000
59	3040.890000
38	3040.900000
16	3040.930000
91	3040.970000
78	3040.980000
8	3040.990000
13	3041.090000
83	3041.110000
30	3041.180000
36	3041.240000
67	3041.260000
9	3041.270000
84	3041.290000
69	3041.350000
10	3041.580000
3	3041.660000
58	3041.730000
72	3041.770000
68	3041.790000
82	3041.790000
63	3041.820000
50	3041.910000
57	3041.940000
56	3042.440000
60	3042.850000
51	3122.720000
71	3122.750000
24	3123.130000
86	3123.850000
52	3124.020000
27	3124.070000
97	3124.070000
39	3124.440000
11	3124.510000
87	3124.510000
92	3124.660000
14	3124.710000
80	3124.830000
37	3124.980000
70	3125.100000
47	3125.180000
44	3125.220000
73	3125.310000
17	3125.350000
76	3125.360000
53	3125.380000
41	3125.410000
48	3125.530000
0	3125.540000
33	3125.590000
6	3125.660000
96	3125.670000
95	3125.770000
74	3125.800000
79	3125.810000
94	3125.860000
77	3125.930000
21	3126.030000
22	3126.060000
1	3126.200000
4	3126.200000
20	3126.220000
32	3126.230000
26	3126.300000
88	3126.300000
89	3126.310000
43	3126.370000
85	3126.370000
35	3126.380000
49	3126.410000
46	3126.440000
61	3126.450000
75	3126.470000
12	3126.490000
62	3126.550000
54	3126.590000
81	3126.630000
2	3126.640000
7	3126.650000
66	3126.650000
19	3126.670000
55	3126.690000
99	3126.710000
25	3126.720000
28	3126.760000
29	3126.770000
64	3126.770000
42	3126.800000
18	3126.810000
65	3126.930000
23	3127.020000
40	3127.020000
90	3127.110000
5	3127.130000
34	3127.140000
15	3127.190000
31	3127.220000
93	3127.240000
45	3127.250000
98	3127.260000
59	3127.300000
38	3127.310000
16	3127.350000
91	3127.380000
78	3127.390000
8	3127.400000
13	3127.500000
83	3127.520000
30	3127.590000
36	3127.640000
9	3127.670000
67	3127.670000
84	3127.700000
69	3127.750000
10	3127.980000
3	3128.050000
58	3128.130000
72	3128.170000
68	3128.180000
82	3128.190000
63	3128.210000
50	3128.300000
57	3128.340000
56	3128.820000
60	3129.230000
51	3209.150000
71	3209.190000
24	3209.570000
86	3210.290000
52	3210.450000
27	3210.500000
97	3210.500000
39	3210.880000
11	3210.950000
87	3210.950000
92	3211.090000
14	3211.150000
80	3211.260000
37	3211.410000
70	3211.530000
47	3211.610000
44	3211.650000
73	3211.740000
17	3211.780000
76	3211.800000
53	3211.810000
41	3211.850000
48	3211.960000
0	3211.980000
33	3212.020000
6	3212.090000
96	3212.100000
95	3212.200000
74	3212.230000
79	3212.240000
94	3212.290000
77	3212.360000
21	3212.460000
22	3212.490000
1	3212.620000
4	3212.620000
20	3212.640000
32	3212.660000
26	3212.730000
88	3212.730000
89	3212.740000
43	3212.800000
85	3212.800000
35	3212.810000
49	3212.840000
46	3212.860000
61	3212.870000
75	3212.890000
12	3212.910000
62	3212.970000
54	3213.010000
81	3213.050000
2	3213.070000
66	3213.070000
7	3213.080000
19	3213.090000
55	3213.120000
99	3213.140000
25	3213.150000
28	3213.190000
64	3213.190000
29	3213.200000
42	3213.220000
18	3213.230000
65	3213.350000
23	3213.440000
40	3213.440000
90	3213.530000
5	3213.550000
34	3213.560000
15	3213.610000
31	3213.640000
93	3213.660000
45	3213.670000
98	3213.680000
59	3213.720000
38	3213.730000
16	3213.760000
78	3213.800000
91	3213.800000
8	3213.810000
13	3213.910000
83	3213.930000
30	3214.000000
36	3214.050000
67	3214.070000
9	3214.080000
84	3214.110000
69	3214.160000
10	3214.380000
3	3214.450000
58	3214.520000
72	3214.560000
68	3214.580000
82	3214.580000
63	3214.610000
50	3214.700000
57	3214.730000
56	3215.200000
60	3215.600000
51	3295.590000
71	3295.620000
24	3296.010000
86	3296.720000
52	3296.890000
27	3296.940000
97	3296.940000
39	3297.310000
11	3297.380000
87	3297.380000
92	3297.530000
14	3297.580000
80	3297.690000
37	3297.850000
70	3297.970000
47	3298.050000
44	3298.080000
73	3298.170000
17	3298.210000
76	3298.230000
53	3298.250000
41	3298.280000
48	3298.390000
0	3298.410000
33	3298.450000
6	3298.520000
96	3298.530000
95	3298.630000
74	3298.660000
79	3298.670000
94	3298.720000
77	3298.790000
21	3298.890000
22	3298.920000
1	3299.050000
4	3299.050000
20	3299.070000
32	3299.090000
26	3299.160000
88	3299.160000
89	3299.170000
43	3299.220000
85	3299.220000
35	3299.230000
49	3299.260000
46	3299.290000
61	3299.300000
75	3299.320000
12	3299.340000
62	3299.400000
54	3299.430000
81	3299.470000
2	3299.490000
66	3299.490000
7	3299.500000
19	3299.510000
55	3299.540000
99	3299.560000
25	3299.570000
28	3299.610000
29	3299.620000
64	3299.620000
42	3299.650000
18	3299.660000
65	3299.770000
23	3299.860000
40	3299.860000
90	3299.950000
5	3299.970000
34	3299.980000
15	3300.020000
31	3300.050000
93	3300.070000
45	3300.080000
98	3300.090000
59	3300.130000
38	3300.140000
16	3300.170000
91	3300.210000
78	3300.220000
8	3300.230000
13	3300.320000
83	3300.340000
30	3300.410000
36	3300.460000
67	3300.480000
9	3300.490000
84	3300.510000
69	3300.560000
10	3300.780000
3	3300.850000
58	3300.920000
72	3300.960000
68	3300.970000
82	3300.980000
63	3301.000000
50	3301.090000
57	3301.120000
56	3301.580000
60	3301.980000
51	3382.020000
71	3382.060000
24	3382.440000
86	3383.160000
52	3383.320000
27	3383.370000
97	3383.370000
39	3383.750000
11	3383.820000
87	3383.820000
92	3383.960000
14	3384.020000
80	3384.130000
37	3384.280000
70	3384.400000
47	3384.480000
44	3384.520000
73	3384.600000
17	3384.640000
76	3384.660000
53	3384.680000
41	3384.710000
48	3384.830000
0	3384.850000
33	3384.880000
6	3384.950000
96	3384.960000
95	3385.060000
74	3385.090000
79	3385.100000
94	3385.150000
77	3385.220000
21	3385.320000
22	3385.350000
1	3385.480000
4	3385.480000
20	3385.500000
32	3385.520000
26	3385.580000
88	3385.580000
89	3385.590000
43	3385.650000
85	3385.650000
35	3385.660000
49	3385.690000
46	3385.720000
61	3385.730000
75	3385.750000
12	3385.770000
62	3385.820000
54	3385.860000
81	3385.900000
2	3385.920000
66	3385.920000
7	3385.930000
19	3385.940000
55	3385.970000
99	3385.980000
25	3385.990000
28	3386.030000
29	3386.040000
64	3386.040000
42	3386.070000
18	3386.080000
65	3386.190000
23	3386.280000
40	3386.280000
90	3386.360000
5	3386.380000
34	3386.390000
15	3386.440000
31	3386.470000
93	3386.490000
45	3386.500000
98	3386.510000
59	3386.540000
38	3386.550000
16	3386.590000
91	3386.620000
78	3386.630000
8	3386.640000
13	3386.730000
83	3386.750000
30	3386.820000
36	3386.870000
9	3386.890000
67	3386.890000
84	3386.920000
69	3386.970000
10	3387.180000
3	3387.250000
58	3387.320000
72	3387.360000
68	3387.370000
82	3387.370000
63	3387.400000
50	3387.480000
57	3387.520000
56	3387.970000
60	3388.360000
51	3468.460000
71	3468.490000
24	3468.880000
86	3469.590000
52	3469.760000
27	3469.810000
97	3469.810000
39	3470.180000
11	3470.250000
87	3470.250000
92	3470.400000
14	3470.450000
80	3470.560000
37	3470.710000
70	3470.830000
47	3470.910000
44	3470.950000
73	3471.030000
17	3471.070000
76	3471.090000
53	3471.110000
41	3471.140000
48	3471.260000
0	3471.280000
33	3471.310000
6	3471.380000
96	3471.390000
95	3471.490000
74	3471.520000
79	3471.530000
94	3471.580000
77	3471.650000
21	3471.750000
22	3471.780000
1	3471.900000
4	3471.900000
20	3471.920000
32	3471.940000
26	3472.010000
88	3472.010000
89	3472.020000
85	3472.070000
43	3472.080000
35	3472.090000
49	3472.120000
46	3472.140000
61	3472.150000
75	3472.170000
12	3472.190000
62	3472.250000
54	3472.280000
81	3472.320000
2	3472.340000
66	3472.340000
7	3472.350000
19	3472.360000
55	3472.390000
99	3472.410000
25	3472.420000
28	3472.460000
29	3472.470000
64	3472.470000
42	3472.490000
18	3472.500000
65	3472.610000
23	3472.700000
40	3472.700000
90	3472.780000
5	3472.800000
34	3472.810000
15	3472.860000
31	3472.880000
93	3472.900000
45	3472.910000
98	3472.920000
59	3472.960000
38	3472.970000
16	3473.000000
91	3473.030000
78	3473.040000
8	3473.050000
13	3473.140000
83	3473.160000
30	3473.230000
36	3473.270000
67	3473.290000
9	3473.300000
84	3473.330000
69	3473.370000
10	3473.580000
3	3473.650000
58	3473.710000
72	3473.750000
68	3473.760000
82	3473.770000
63	3473.790000
50	3473.880000
57	3473.910000
56	3474.350000
60	3474.730000
51	3554.890000
71	3554.930000
24	3555.310000
86	3556.030000
52	3556.190000
27	3556.240000
97	3556.240000
39	3556.620000
11	3556.690000
87	3556.690000
92	3556.830000
14	3556.890000
80	3557.000000
37	3557.150000
70	3557.260000
47	3557.340000
44	3557.380000
73	3557.470000
17	3557.510000
76	3557.520000
53	3557.540000
41	3557.570000
48	3557.690000
0	3557.720000
33	3557.750000
6	3557.810000
96	3557.820000
95	3557.920000
74	3557.950000
79	3557.960000
94	3558.010000
77	3558.080000
21	3558.180000
22	3558.210000
1	3558.330000
4	3558.330000
20	3558.350000
32	3558.370000
26	3558.440000
88	3558.440000
89	3558.450000
43	3558.500000
85	3558.500000
35	3558.510000
49	3558.540000
46	3558.570000
61	3558.580000
75	3558.600000
12	3558.620000
62	3558.670000
54	3558.710000
81	3558.750000
2	3558.760000
7	3558.770000
66	3558.770000
19	3558.790000
55	3558.810000
99	3558.830000
25	3558.840000
28	3558.880000
29	3558.890000
64	3558.890000
42	3558.920000
18	3558.930000
65	3559.030000
23	3559.120000
40	3559.120000
90	3559.200000
5	3559.220000
34	3559.230000
15	3559.270000
31	3559.300000
93	3559.320000
45	3559.330000
98	3559.340000
59	3559.370000
38	3559.380000
16	3559.420000
91	3559.450000
78	3559.460000
8	3559.470000
13	3559.550000
83	3559.570000
30	3559.640000
36	3559.680000
67	3559.700000
9	3559.710000
84	3559.740000
69	3559.780000
10	3559.980000
3	3560.050000
58	3560.110000
72	3560.150000
68	3560.160000
82	3560.170000
63	3560.190000
50	3560.270000
57	3560.300000
56	3560.730000
60	3561.110000
51	3641.330000
71	3641.360000
24	3641.750000
86	3642.460000
52	3642.630000
27	3642.680000
97	3642.680000
39	3643.050000
11	3643.120000
87	3643.120000
92	3643.270000
14	3643.320000
80	3643.430000
37	3643.580000
70	3643.700000
47	3643.770000
44	3643.810000
73	3643.900000
17	3643.940000
76	3643.960000
53	3643.980000
41	3644.010000
48	3644.120000
0	3644.150000
33	3644.180000
6	3644.240000
96	3644.250000
95	3644.350000
74	3644.380000
79	3644.390000
94	3644.440000
77	3644.510000
21	3644.610000
22	3644.640000
1	3644.760000
4	3644.760000
20	3644.780000
32	3644.800000
26	3644.860000
88	3644.860000
89	3644.870000
43	3644.930000
85	3644.930000
35	3644.940000
49	3644.970000
46	3645.000000
61	3645.010000
75	3645.020000
12	3645.040000
62	3645.100000
54	3645.130000
81	3645.170000
2	3645.190000
66	3645.190000
7	3645.200000
19	3645.210000
55	3645.240000
99	3645.260000
25	3645.270000
28	3645.300000
29	3645.310000
64	3645.310000
42	3645.340000
18	3645.350000
65	3645.450000
23	3645.540000
40	3645.540000
90	3645.620000
5	3645.640000
34	3645.650000
15	3645.690000
31	3645.710000
93	3645.730000
45	3645.740000
98	3645.750000
59	3645.790000
38	3645.800000
16	3645.830000
91	3645.860000
78	3645.870000
8	3645.880000
13	3645.960000
83	3645.980000
30	3646.050000
36	3646.090000
67	3646.110000
9	3646.120000
84	3646.140000
69	3646.190000
10	3646.380000
3	3646.450000
58	3646.510000
72	3646.550000
68	3646.560000
82	3646.560000
63	3646.590000
50	3646.670000
57	3646.700000
56	3647.120000
60	3647.490000
51	3727.760000
71	3727.800000
24	3728.180000
86	3728.900000
52	3729.060000
27	3729.110000
97	3729.110000
39	3729.490000
11	3729.560000
87	3729.560000
92	3729.700000
14	3729.760000
80	3729.870000
37	3730.010000
70	3730.130000
47	3730.210000
44	3730.240000
73	3730.330000
17	3730.370000
76	3730.390000
53	3730.410000
41	3730.440000
48	3730.550000
0	3730.590000
33	3730.610000
6	3730.670000
96	3730.680000
95	3730.780000
74	3730.810000
79	3730.820000
94	3730.870000
77	3730.940000
21	3731.040000
22	3731.070000
1	3731.190000
4	3731.190000
20	3731.210000
32	3731.220000
26	3731.290000
88	3731.290000
89	3731.300000
85	3731.350000
43	3731.360000
35	3731.370000
49	3731.400000
46	3731.420000
61	3731.440000
75	3731.450000
12	3731.470000
62	3731.530000
54	3731.560000
81	3731.600000
2	3731.610000
7	3731.620000
66	3731.620000
19	3731.640000
55	3731.660000
99	3731.680000
25	3731.690000
28	3731.730000
29	3731.740000
64	3731.740000
42	3731.770000
18	3731.780000
65	3731.870000
23	3731.960000
40	3731.960000
90	3732.040000
5	3732.050000
34	3732.060000
15	3732.110000
31	3732.130000
93	3732.150000
45	3732.160000
98	3732.170000
59	3732.200000
38	3732.210000
16	3732.250000
78	3732.280000
91	3732.280000
8	3732.290000
13	3732.370000
83	3732.390000
30	3732.460000
36	3732.500000
67	3732.520000
9	3732.530000
84	3732.550000
69	3732.590000
10	3732.780000
3	3732.850000
58	3732.910000
68	3732.950000
72	3732.950000
82	3732.960000
63	3732.980000
50	3733.060000
57	3733.090000
56	3733.500000
60	3733.860000
51	3814.200000
71	3814.230000
24	3814.620000
86	3815.330000
52	3815.500000
27	3815.550000
97	3815.550000
39	3815.920000
11	3815.990000
87	3815.990000
92	3816.140000
14	3816.190000
80	3816.300000
37	3816.450000
70	3816.560000
47	3816.640000
44	3816.680000
73	3816.760000
17	3816.800000
76	3816.820000
53	3816.840000
41	3816.870000
48	3816.980000
0	3817.020000
33	3817.040000
6	3817.100000
96	3817.120000
95	3817.210000
74	3817.240000
79	3817.250000
94	3817.300000
77	3817.370000
21	3817.470000
22	3817.500000
1	3817.610000
4	3817.610000
20	3817.630000
32	3817.650000
26	3817.720000
88	3817.720000
89	3817.730000
43	3817.780000
85	3817.780000
35	3817.790000
49	3817.820000
46	3817.850000
61	3817.860000
75	3817.870000
12	3817.900000
62	3817.950000
54	3817.980000
81	3818.020000
2	3818.030000
66	3818.040000
7	3818.050000
19	3818.060000
55	3818.090000
99	3818.100000
25	3818.110000
28	3818.150000
29	3818.160000
64	3818.160000
42	3818.190000
18	3818.200000
65	3818.300000
23	3818.380000
40	3818.380000
90	3818.460000
5	3818.470000
34	3818.480000
15	3818.520000
31	3818.550000
45	3818.570000
93	3818.570000
98	3818.580000
59	3818.620000
38	3818.630000
16	3818.660000
91	3818.690000
78	3818.700000
8	3818.710000
13	3818.780000
83	3818.800000
30	3818.870000
36	3818.910000
67	3818.930000
9	3818.940000
84	3818.960000
69	3819.000000
10	3819.180000
3	3819.250000
58	3819.310000
72	3819.340000
68	3819.350000
82	3819.360000
63	3819.380000
50	3819.460000
57	3819.490000
56	3819.890000
60	3820.240000
51	3900.630000
71	3900.670000
24	3901.060000
86	3901.770000
52	3901.930000
27	3901.980000
97	3901.980000
39	3902.360000
11	3902.430000
87	3902.430000
92	3902.570000
14	3902.630000
80	3902.740000
37	3902.880000
70	3902.990000
47	3903.070000
44	3903.110000
73	3903.190000
17	3903.240000
76	3903.250000
53	3903.270000
41	3903.300000
48	3903.420000
0	3903.460000
33	3903.470000
6	3903.530000
96	3903.550000
95	3903.640000
74	3903.670000
79	3903.680000
94	3903.730000
77	3903.800000
21	3903.900000
22	3903.930000
1	3904.040000
4	3904.040000
20	3904.060000
32	3904.080000
26	3904.140000
88	3904.140000
89	3904.160000
43	3904.210000
85	3904.210000
35	3904.220000
49	3904.250000
46	3904.280000
61	3904.290000
75	3904.300000
12	3904.320000
62	3904.380000
54	3904.410000
81	3904.450000
2	3904.460000
7	3904.470000
66	3904.470000
19	3904.490000
55	3904.510000
99	3904.530000
25	3904.540000
28	3904.580000
29	3904.590000
64	3904.590000
42	3904.610000
18	3904.620000
65	3904.720000
23	3904.800000
40	3904.800000
90	3904.870000
5	3904.890000
34	3904.900000
15	3904.940000
31	3904.960000
93	3904.980000
45	3904.990000
98	3905.000000
38	3905.040000
59	3905.040000
16	3905.080000
78	3905.110000
91	3905.110000
8	3905.120000
13	3905.200000
83	3905.210000
30	3905.280000
36	3905.320000
67	3905.340000
9	3905.350000
84	3905.370000
69	3905.410000
10	3905.580000
3	3905.650000
58	3905.710000
72	3905.740000
68	3905.750000
82	3905.760000
63	3905.780000
50	3905.860000
57	3905.880000
56	3906.270000
60	3906.620000
51	3987.070000
71	3987.100000
24	3987.490000
86	3988.200000
52	3988.370000
27	3988.420000
97	3988.420000
39	3988.790000
11	3988.860000
87	3988.860000
92	3989.010000
14	3989.060000
80	3989.170000
37	3989.310000
70	3989.430000
47	3989.500000
44	3989.540000
73	3989.630000
17	3989.670000
76	3989.680000
53	3989.700000
41	3989.740000
48	3989.850000
0	3989.890000
33	3989.900000
6	3989.960000
96	3989.980000
95	3990.070000
74	3990.100000
79	3990.110000
94	3990.160000
77	3990.230000
21	3990.330000
22	3990.360000
1	3990.470000
4	3990.470000
20	3990.490000
32	3990.510000
26	3990.570000
88	3990.570000
89	3990.580000
85	3990.630000
43	3990.640000
35	3990.650000
49	3990.680000
46	3990.700000
61	3990.720000
75	3990.720000
12	3990.750000
62	3990.800000
54	3990.830000
81	3990.870000
2	3990.880000
66	3990.890000
7	3990.900000
19	3990.910000
55	3990.940000
99	3990.950000
25	3990.960000
28	3991.000000
29	3991.010000
64	3991.010000
42	3991.040000
18	3991.050000
65	3991.140000
23	3991.220000
40	3991.220000
90	3991.290000
5	3991.310000
34	3991.320000
15	3991.360000
31	3991.380000
93	3991.400000
45	3991.410000
98	3991.420000
59	3991.450000
38	3991.460000
16	3991.490000
91	3991.520000
78	3991.530000
8	3991.540000
13	3991.610000
83	3991.620000
30	3991.690000
36	3991.730000
67	3991.750000
9	3991.760000
84	3991.780000
69	3991.820000
10	3991.980000
3	3992.050000
58	3992.110000
72	3992.140000
68	3992.150000
82	3992.160000
63	3992.180000
50	3992.250000
57	3992.280000
56	3992.660000
60	3993.000000
51	4073.500000
71	4073.540000
24	4073.930000
86	4074.640000
52	4074.800000
27	4074.850000
97	4074.850000
39	4075.230000
11	4075.300000
87	4075.300000
92	4075.440000
14	4075.500000
80	4075.610000
37	4075.750000
70	4075.860000
47	4075.940000
44	4075.970000
73	4076.060000
17	4076.100000
76	4076.120000
53	4076.140000
41	4076.170000
48	4076.280000
0	4076.330000
33	4076.340000
6	4076.390000
96	4076.410000
95	4076.500000
74	4076.530000
79	4076.540000
94	4076.590000
77	4076.660000
21	4076.760000
22	4076.790000
1	4076.890000
4	4076.900000
20	4076.920000
32	4076.930000
26	4077.000000
88	4077.000000
89	4077.010000
43	4077.060000
85	4077.060000
35	4077.070000
49	4077.100000
46	4077.130000
61	4077.140000
75	4077.150000
12	4077.180000
62	4077.230000
54	4077.260000
81	4077.300000
2	4077.310000
7	4077.320000
66	4077.320000
19	4077.340000
55	4077.360000
99	4077.380000
25	4077.390000
28	4077.420000
29	4077.430000
64	4077.430000
42	4077.460000
18	4077.470000
65	4077.570000
23	4077.640000
40	4077.640000
90	4077.710000
5	4077.730000
34	4077.740000
15	4077.780000
31	4077.800000
45	4077.820000
93	4077.820000
98	4077.830000
38	4077.870000
59	4077.870000
16	4077.910000
78	4077.940000
91	4077.940000
8	4077.950000
13	4078.030000
83	4078.030000
30	4078.100000
36	4078.140000
67	4078.160000
9	4078.170000
84	4078.190000
69	4078.220000
10	4078.390000
3	4078.450000
58	4078.510000
72	4078.540000
68	4078.550000
82	4078.560000
63	4078.580000
50	4078.650000
57	4078.680000
56	4079.050000
60	4079.380000
51	4159.940000
71	4159.970000
24	4160.360000
86	4161.070000
52	4161.240000
27	4161.290000
97	4161.290000
39	4161.660000
11	4161.730000
87	4161.730000
92	4161.880000
14	4161.930000
80	4162.040000
37	4162.180000
70	4162.290000
47	4162.370000
44	4162.410000
73	4162.490000
17	4162.530000
76	4162.550000
53	4162.570000
41	4162.600000
48	4162.710000
0	4162.760000
33	4162.770000
6	4162.820000
96	4162.840000
95	4162.930000
74	4162.960000
79	4162.970000
94	4163.020000
77	4163.090000
21	4163.190000
22	4163.220000
1	4163.320000
4	4163.320000
20	4163.340000
32	4163.360000
26	4163.420000
88	4163.420000
89	4163.440000
43	4163.490000
85	4163.490000
35	4163.500000
49	4163.530000
46	4163.560000
61	4163.570000
75	4163.580000
12	4163.600000
62	4163.650000
54	4163.680000
81	4163.720000
2	4163.730000
66	4163.740000
7	4163.750000
19	4163.760000
55	4163.790000
99	4163.800000
25	4163.810000
28	4163.850000
29	4163.860000
64	4163.860000
42	4163.890000
18	4163.900000
65	4163.990000
23	4164.060000
40	4164.060000
90	4164.130000
5	4164.150000
34	4164.160000
15	4164.190000
31	4164.210000
93	4164.230000
45	4164.240000
98	4164.250000
38	4164.290000
59	4164.290000
16	4164.320000
91	4164.350000
78	4164.360000
8	4164.370000
13	4164.440000
83	4164.450000
30	4164.510000
36	4164.550000
67	4164.570000
9	4164.580000
84	4164.600000
69	4164.630000
10	4164.790000
3	4164.850000
58	4164.910000
72	4164.940000
68	4164.950000
82	4164.960000
63	4164.980000
50	4165.050000
57	4165.080000
56	4165.430000
60	4165.760000
51	4246.370000
71	4246.410000
24	4246.800000
86	4247.510000
52	4247.670000
27	4247.720000
97	4247.720000
39	4248.100000
11	4248.170000
87	4248.170000
92	4248.310000
14	4248.370000
80	4248.480000
37	4248.610000
70	4248.720000
47	4248.800000
44	4248.840000
73	4248.920000
17	4248.960000
76	4248.980000
53	4249.000000
41	4249.030000
48	4249.140000
0	4249.200000
33	4249.200000
6	4249.260000
96	4249.270000
95	4249.360000
74	4249.390000
79	4249.400000
94	4249.450000
77	4249.520000
21	4249.620000
22	4249.650000
1	4249.750000
4	4249.750000
20	4249.770000
32	4249.790000
26	4249.850000
88	4249.850000
89	4249.870000
85	4249.910000
43	4249.920000
35	4249.930000
49	4249.960000
46	4249.980000
61	4250.000000
75	4250.000000
12	4250.030000
62	4250.080000
54	4250.110000
81	4250.150000
2	4250.160000
66	4250.170000
7	4250.180000
19	4250.190000
55	4250.220000
25	4250.230000
99	4250.230000
28	4250.270000
29	4250.280000
64	4250.280000
42	4250.310000
18	4250.320000
65	4250.410000
23	4250.480000
40	4250.480000
90	4250.550000
5	4250.570000
34	4250.580000
15	4250.610000
31	4250.630000
93	4250.650000
45	4250.660000
98	4250.670000
38	4250.710000
59	4250.710000
16	4250.740000
78	4250.770000
91	4250.770000
8	4250.780000
13	4250.860000
83	4250.860000
30	4250.920000
36	4250.960000
67	4250.980000
9	4250.990000
84	4251.010000
69	4251.040000
10	4251.190000
3	4251.250000
58	4251.310000
72	4251.340000
68	4251.350000
82	4251.360000
63	4251.380000
50	4251.450000
57	4251.480000
56	4251.820000
60	4252.140000
51	4332.810000
71	4332.840000
24	4333.240000
86	4333.940000
52	4334.110000
27	4334.160000
97	4334.160000
39	4334.530000
11	4334.600000
87	4334.600000
92	4334.750000
14	4334.800000
80	4334.910000
37	4335.050000
70	4335.160000
47	4335.230000
44	4335.270000
73	4335.350000
17	4335.400000
76	4335.410000
53	4335.430000
41	4335.470000
48	4335.580000
0	4335.630000
33	4335.630000
6	4335.690000
96	4335.710000
95	4335.790000
74	4335.820000
79	4335.830000
94	4335.880000
77	4335.950000
21	4336.050000
22	4336.080000
1	4336.180000
4	4336.180000
20	4336.200000
32	4336.220000
26	4336.280000
88	4336.280000
89	4336.290000
43	4336.340000
85	4336.340000
35	4336.350000
49	4336.380000
46	4336.410000
61	4336.430000
75	4336.430000
12	4336.460000
62	4336.510000
54	4336.540000
81	4336.570000
2	4336.580000
66	4336.590000
7	4336.600000
19	4336.610000
55	4336.640000
99	4336.650000
25	4336.660000
28	4336.700000
29	4336.710000
64	4336.710000
42	4336.740000
18	4336.750000
65	4336.830000
23	4336.900000
40	4336.900000
90	4336.970000
5	4336.990000
34	4337.000000
15	4337.030000
31	4337.050000
93	4337.070000
45	4337.080000
98	4337.090000
38	4337.120000
59	4337.120000
16	4337.160000
91	4337.180000
78	4337.190000
8	4337.200000
13	4337.270000
83	4337.280000
30	4337.330000
36	4337.370000
67	4337.390000
9	4337.400000
84	4337.420000
69	4337.450000
10	4337.600000
3	4337.650000
58	4337.710000
72	4337.740000
68	4337.750000
82	4337.760000
63	4337.780000
50	4337.850000
57	4337.870000
56	4338.210000
60	4338.520000
51	4419.240000
71	4419.280000
24	4419.670000
86	4420.380000
52	4420.540000
27	4420.590000
97	4420.590000
39	4420.970000
11	4421.040000
87	4421.040000
92	4421.180000
14	4421.240000
80	4421.350000
37	4421.480000
70	4421.590000
47	4421.670000
44	4421.700000
73	4421.790000
17	4421.830000
76	4421.850000
53	4421.870000
41	4421.900000
48	4422.010000
33	4422.060000
0	4422.070000
6	4422.120000
96	4422.140000
95	4422.220000
74	4422.250000
79	4422.260000
94	4422.310000
77	4422.380000
21	4422.480000
22	4422.510000
1	4422.600000
4	4422.610000
20	4422.630000
32	4422.640000
26	4422.700000
88	4422.700000
89	4422.720000
43	4422.770000
85	4422.770000
35	4422.780000
49	4422.810000
46	4422.840000
61	4422.860000
75	4422.860000
12	4422.880000
62	4422.930000
54	4422.960000
81	4423.000000
2	4423.010000
66	4423.020000
7	4423.030000
19	4423.040000
55	4423.060000
99	4423.080000
25	4423.090000
28	4423.120000
64	4423.130000
29	4423.140000
42	4423.160000
18	4423.170000
65	4423.260000
23	4423.320000
40	4423.320000
90	4423.390000
5	4423.410000
34	4423.420000
15	4423.450000
31	4423.470000
93	4423.490000
45	4423.500000
98	4423.500000
38	4423.540000
59	4423.540000
16	4423.570000
91	4423.600000
78	4423.610000
8	4423.620000
13	4423.690000
83	4423.690000
30	4423.740000
36	4423.780000
67	4423.800000
9	4423.810000
84	4423.830000
69	4423.860000
10	4424.000000
3	4424.060000
58	4424.110000
72	4424.140000
68	4424.150000
82	4424.160000
63	4424.180000
50	4424.250000
57	4424.270000
56	4424.600000
60	4424.900000
51	4505.680000
71	4505.710000
24	4506.110000
86	4506.810000
52	4506.980000
27	4507.030000
97	4507.030000
39	4507.400000
11	4507.470000
87	4507.470000
92	4507.620000
14	4507.670000
80	4507.780000
37	4507.910000
70	4508.020000
47	4508.100000
44	4508.140000
73	4508.220000
17	4508.260000
76	4508.280000
53	4508.300000
41	4508.330000
48	4508.440000
33	4508.490000
0	4508.500000
6	4508.550000
96	4508.570000
95	4508.650000
74	4508.680000
79	4508.690000
94	4508.740000
77	4508.810000
21	4508.910000
22	4508.940000
1	4509.030000
4	4509.030000
20	4509.050000
32	4509.070000
26	4509.130000
88	4509.130000
89	4509.150000
43	4509.200000
85	4509.200000
35	4509.210000
49	4509.240000
46	4509.260000
61	4509.280000
75	4509.280000
12	4509.310000
62	4509.360000
54	4509.390000
2	4509.430000
81	4509.430000
7	4509.450000
66	4509.450000
19	4509.470000
55	4509.490000
99	4509.500000
25	4509.510000
28	4509.550000
29	4509.560000
64	4509.560000
42	4509.590000
18	4509.600000
65	4509.680000
23	4509.740000
40	4509.740000
90	4509.810000
5	4509.830000
34	4509.840000
15	4509.870000
31	4509.890000
45	4509.910000
93	4509.910000
98	4509.920000
38	4509.960000
59	4509.960000
16	4509.990000
78	4510.020000
91	4510.020000
8	4510.030000
13	4510.100000
83	4510.110000
30	4510.160000
36	4510.190000
67	4510.210000
9	4510.220000
84	4510.240000
69	4510.270000
10	4510.410000
3	4510.460000
58	4510.510000
72	4510.540000
68	4510.550000
82	4510.560000
63	4510.580000
50	4510.650000
57	4510.670000
56	4510.990000
60	4511.280000
51	4592.110000
71	4592.150000
24	4592.540000
86	4593.250000
52	4593.410000
27	4593.460000
97	4593.460000
39	4593.840000
11	4593.910000
87	4593.910000
92	4594.050000
14	4594.110000
80	4594.220000
37	4594.350000
70	4594.450000
47	4594.530000
44	4594.570000
73	4594.650000
17	4594.690000
76	4594.710000
53	4594.730000
41	4594.770000
48	4594.870000
33	4594.930000
0	4594.940000
6	4594.980000
96	4595.000000
95	4595.080000
74	4595.110000
79	4595.120000
94	4595.170000
77	4595.240000
21	4595.340000
22	4595.370000
1	4595.460000
4	4595.460000
20	4595.480000
32	4595.500000
26	4595.560000
88	4595.560000
89	4595.580000
43	4595.620000
85	4595.620000
35	4595.630000
49	4595.660000
46	4595.690000
61	4595.710000
75	4595.710000
12	4595.740000
62	4595.790000
54	4595.820000
81	4595.850000
2	4595.860000
7	4595.880000
66	4595.880000
19	4595.890000
55	4595.920000
99	4595.930000
25	4595.940000
28	4595.970000
64	4595.980000
29	4595.990000
42	4596.010000
18	4596.020000
65	4596.110000
23	4596.160000
40	4596.160000
90	4596.230000
5	4596.250000
34	4596.260000
15	4596.290000
31	4596.310000
45	4596.330000
93	4596.330000
98	4596.340000
38	4596.380000
59	4596.380000
16	4596.410000
78	4596.440000
91	4596.440000
8	4596.450000
13	4596.520000
83	4596.520000
30	4596.570000
36	4596.600000
67	4596.620000
9	4596.630000
84	4596.650000
69	4596.680000
10	4596.820000
3	4596.870000
58	4596.920000
68	4596.950000
72	4596.950000
82	4596.960000
63	4596.980000
50	4597.050000
57	4597.070000
56	4597.380000
60	4597.670000
51	4678.550000
71	4678.580000
24	4678.980000
86	4679.680000
52	4679.850000
27	4679.900000
97	4679.900000
39	4680.270000
11	4680.340000
87	4680.340000
92	4680.490000
14	4680.540000
80	4680.650000
37	4680.780000
70	4680.890000
47	4680.960000
44	4681.000000
73	4681.080000
17	4681.130000
76	4681.140000
53	4681.160000
41	4681.200000
48	4681.300000
33	4681.360000
0	4681.370000
6	4681.410000
96	4681.430000
95	4681.510000
74	4681.540000
79	4681.550000
94	4681.600000
77	4681.670000
21	4681.770000
22	4681.800000
1	4681.890000
4	4681.890000
20	4681.910000
32	4681.930000
26	4681.980000
88	4681.980000
89	4682.000000
43	4682.050000
85	4682.050000
35	4682.060000
49	4682.090000
46	4682.120000
61	4682.140000
75	4682.140000
12	4682.170000
62	4682.210000
54	4682.240000
2	4682.280000
81	4682.280000
7	4682.300000
66	4682.300000
19	4682.320000
55	4682.340000
99	4682.350000
25	4682.360000
28	4682.400000
29	4682.410000
64	4682.410000
42	4682.440000
18	4682.450000
65	4682.530000
23	4682.580000
40	4682.580000
90	4682.650000
5	4682.670000
34	4682.680000
15	4682.710000
31	4682.730000
45	4682.750000
93	4682.750000
98	4682.760000
59	4682.790000
38	4682.800000
16	4682.830000
91	4682.850000
78	4682.860000
8	4682.870000
13	4682.930000
83	4682.940000
30	4682.980000
36	4683.020000
67	4683.030000
9	4683.040000
84	4683.060000
69	4683.090000
10	4683.220000
3	4683.270000
58	4683.320000
72	4683.350000
68	4683.360000
82	4683.370000
63	4683.390000
50	4683.450000
57	4683.470000
56	4683.770000
60	4684.050000
51	4764.980000
71	4765.020000
24	4765.420000
86	4766.120000
52	4766.280000
27	4766.330000
97	4766.330000
39	4766.710000
11	4766.780000
87	4766.780000
92	4766.920000
14	4766.980000
80	4767.090000
37	4767.210000
70	4767.320000
47	4767.400000
44	4767.430000
73	4767.510000
17	4767.560000
76	4767.580000
53	4767.600000
41	4767.630000
48	4767.740000
33	4767.790000
0	4767.810000
6	4767.850000
96	4767.860000
95	4767.940000
74	4767.980000
79	4767.980000
94	4768.030000
77	4768.100000
21	4768.200000
22	4768.230000
1	4768.320000
4	4768.320000
20	4768.340000
32	4768.360000
26	4768.410000
88	4768.410000
89	4768.430000
43	4768.480000
85	4768.480000
35	4768.490000
49	4768.520000
46	4768.550000
61	4768.570000
75	4768.570000
12	4768.590000
62	4768.640000
54	4768.670000
2	4768.710000
81	4768.710000
7	4768.730000
66	4768.730000
19	4768.750000
55	4768.770000
99	4768.780000
25	4768.790000
28	4768.820000
64	4768.830000
29	4768.840000
42	4768.860000
18	4768.870000
65	4768.960000
23	4769.000000
40	4769.000000
90	4769.070000
5	4769.090000
34	4769.100000
15	4769.130000
31	4769.150000
45	4769.170000
93	4769.170000
98	4769.180000
59	4769.210000
38	4769.220000
16	4769.250000
78	4769.270000
91	4769.270000
8	4769.290000
13	4769.350000
83	4769.360000
30	4769.400000
36	4769.430000
67	4769.450000
9	4769.460000
84	4769.470000
69	4769.500000
10	4769.630000
3	4769.680000
58	4769.720000
72	4769.750000
68	4769.760000
82	4769.770000
63	4769.790000
50	4769.850000
57	4769.870000
56	4770.160000
60	4770.440000
51	4851.420000
71	4851.450000
24	4851.850000
86	4852.550000
52	4852.720000
27	4852.770000
97	4852.770000
39	4853.140000
11	4853.210000
87	4853.210000
92	4853.360000
14	4853.410000
80	4853.520000
37	4853.650000
70	4853.750000
47	4853.830000
44	4853.870000
73	4853.950000
17	4853.990000
76	4854.010000
53	4854.030000
41	4854.070000
48	4854.170000
33	4854.220000
0	4854.240000
6	4854.280000
96	4854.300000
95	4854.370000
74	4854.410000
79	4854.410000
94	4854.460000
77	4854.530000
21	4854.630000
22	4854.660000
1	4854.740000
4	4854.740000
20	4854.770000
32	4854.780000
26	4854.840000
88	4854.840000
89	4854.860000
43	4854.900000
85	4854.900000
35	4854.920000
49	4854.950000
46	4854.970000
61	4854.990000
75	4854.990000
12	4855.020000
62	4855.070000
54	4855.100000
81	4855.130000
2	4855.140000
7	4855.150000
66	4855.150000
19	4855.180000
55	4855.190000
99	4855.200000
25	4855.210000
28	4855.250000
29	4855.260000
64	4855.260000
42	4855.290000
18	4855.300000
65	4855.380000
23	4855.420000
40	4855.420000
90	4855.490000
5	4855.510000
34	4855.520000
15	4855.550000
31	4855.570000
45	4855.590000
93	4855.590000
98	4855.600000
59	4855.630000
38	4855.640000
16	4855.660000
78	4855.690000
91	4855.690000
8	4855.710000
13	4855.770000
83	4855.770000
30	4855.810000
36	4855.850000
67	4855.860000
9	4855.870000
84	4855.890000
69	4855.920000
10	4856.040000
3	4856.090000
58	4856.130000
72	4856.160000
68	4856.170000
82	4856.180000
63	4856.200000
50	4856.250000
57	4856.270000
56	4856.560000
60	4856.820000
51	4937.850000
71	4937.890000
24	4938.290000
86	4938.990000
52	4939.150000
27	4939.200000
97	4939.200000
39	4939.580000
11	4939.650000
87	4939.650000
92	4939.790000
14	4939.850000
80	4939.960000
37	4940.080000
70	4940.190000
47	4940.260000
44	4940.300000
73	4940.380000
17	4940.420000
76	4940.440000
53	4940.460000
41	4940.500000
48	4940.600000
33	4940.650000
0	4940.680000
6	4940.710000
96	4940.730000
95	4940.800000
74	4940.840000
79	4940.840000
94	4940.890000
77	4940.960000
21	4941.060000
22	4941.090000
1	4941.170000
4	4941.170000
20	4941.200000
32	4941.210000
26	4941.270000
88	4941.270000
89	4941.290000
43	4941.330000
85	4941.330000
35	4941.350000
49	4941.380000
46	4941.400000
61	4941.420000
75	4941.420000
12	4941.450000
62	4941.500000
54	4941.520000
2	4941.560000
81	4941.560000
7	4941.580000
66	4941.580000
19	4941.600000
55	4941.620000
99	4941.630000
25	4941.640000
28	4941.680000
29	4941.690000
64	4941.690000
42	4941.710000
18	4941.720000
65	4941.810000
40	4941.840000
23	4941.850000
90	4941.910000
5	4941.930000
34	4941.940000
15	4941.970000
31	4941.990000
45	4942.010000
93	4942.010000
98	4942.020000
59	4942.050000
38	4942.060000
16	4942.080000
78	4942.110000
91	4942.110000
8	4942.130000
13	4942.180000
83	4942.190000
30	4942.230000
36	4942.260000
67	4942.270000
9	4942.280000
84	4942.300000
69	4942.330000
10	4942.450000
3	4942.490000
58	4942.540000
72	4942.560000
68	4942.570000
82	4942.580000
63	4942.600000
50	4942.660000
57	4942.680000
56	4942.950000
60	4943.210000
51	5024.290000
71	5024.320000
24	5024.730000
