51	14.460000
71	14.470000
24	14.520000
86	14.620000
27	14.660000
52	14.660000
97	14.660000
39	14.720000
87	14.730000
11	14.740000
92	14.750000
14	14.760000
80	14.780000
37	14.810000
70	14.830000
47	14.840000
44	14.850000
17	14.860000
73	14.860000
53	14.870000
76	14.870000
41	14.880000
48	14.890000
6	14.910000
33	14.910000
96	14.920000
74	14.950000
79	14.950000
95	14.950000
94	14.960000
77	14.970000
21	14.980000
22	14.990000
1	15.010000
4	15.010000
20	15.010000
32	15.010000
0	15.020000
26	15.030000
88	15.030000
89	15.030000
35	15.040000
43	15.040000
85	15.040000
46	15.060000
49	15.060000
61	15.060000
75	15.060000
12	15.070000
54	15.090000
62	15.090000
2	15.100000
7	15.100000
19	15.100000
66	15.100000
81	15.100000
55	15.110000
25	15.120000
28	15.120000
29	15.120000
64	15.120000
99	15.120000
18	15.130000
42	15.130000
65	15.160000
23	15.180000
40	15.180000
5	15.200000
90	15.200000
34	15.210000
15	15.220000
31	15.230000
45	15.230000
93	15.230000
98	15.240000
38	15.250000
59	15.250000
16	15.260000
91	15.260000
8	15.270000
78	15.270000
13	15.290000
83	15.290000
30	15.320000
36	15.330000
9	15.340000
67	15.340000
84	15.340000
69	15.350000
10	15.420000
3	15.440000
58	15.460000
68	15.460000
72	15.460000
82	15.460000
63	15.470000
50	15.500000
57	15.510000
56	15.610000
60	15.710000
51	100.910000
71	100.920000
24	100.970000
86	101.070000
27	101.100000
52	101.100000
97	101.100000
39	101.160000
87	101.170000
11	101.180000
92	101.190000
14	101.200000
80	101.220000
37	101.250000
70	101.270000
47	101.280000
44	101.290000
17	101.300000
73	101.300000
53	101.310000
76	101.310000
41	101.320000
48	101.330000
6	101.350000
33	101.350000
96	101.360000
74	101.390000
79	101.390000
95	101.390000
94	101.400000
77	101.410000
21	101.420000
22	101.430000
1	101.450000
4	101.450000
20	101.450000
32	101.450000
0	101.460000
26	101.470000
35	101.470000
43	101.470000
85	101.470000
88	101.470000
89	101.470000
46	101.490000
49	101.490000
61	101.490000
75	101.490000
12	101.500000
54	101.520000
62	101.520000
2	101.530000
7	101.530000
19	101.530000
66	101.530000
81	101.530000
55	101.540000
25	101.550000
28	101.550000
29	101.550000
64	101.550000
99	101.550000
18	101.560000
42	101.560000
65	101.590000
23	101.610000
40	101.610000
5	101.630000
90	101.630000
34	101.640000
15	101.650000
31	101.660000
45	101.660000
93	101.660000
98	101.670000
38	101.680000
59	101.680000
16	101.690000
91	101.690000
8	101.700000
78	101.700000
13	101.720000
83	101.720000
30	101.750000
36	101.750000
9	101.760000
67	101.760000
84	101.760000
69	101.770000
10	101.840000
3	101.860000
58	101.880000
68	101.880000
72	101.880000
82	101.880000
63	101.890000
50	101.920000
57	101.930000
56	102.040000
60	102.130000
51	187.360000
71	187.370000
24	187.410000
86	187.510000
27	187.550000
52	187.550000
97	187.550000
39	187.610000
87	187.620000
11	187.630000
14	187.640000
92	187.640000
80	187.660000
37	187.690000
70	187.710000
47	187.720000
44	187.730000
17	187.740000
73	187.740000
53	187.750000
76	187.750000
41	187.760000
48	187.770000
6	187.790000
33	187.790000
96	187.800000
74	187.830000
79	187.830000
95	187.830000
94	187.840000
77	187.850000
21	187.860000
22	187.860000
1	187.880000
4	187.880000
0	187.890000
20	187.890000
32	187.890000
26	187.900000
88	187.900000
89	187.900000
35	187.910000
43	187.910000
85	187.910000
49	187.920000
12	187.930000
46	187.930000
61	187.930000
75	187.930000
54	187.950000
62	187.950000
2	187.960000
7	187.960000
19	187.960000
66	187.960000
81	187.960000
55	187.970000
25	187.980000
28	187.980000
64	187.980000
99	187.980000
29	187.990000
18	188.000000
42	188.000000
65	188.020000
23	188.040000
40	188.040000
5	188.060000
90	188.060000
34	188.070000
15	188.080000
31	188.090000
45	188.090000
93	188.090000
98	188.090000
59	188.100000
16	188.110000
38	188.110000
91	188.110000
8	188.120000
78	188.120000
13	188.140000
83	188.140000
30	188.170000
36	188.180000
9	188.190000
67	188.190000
84	188.190000
69	188.200000
10	188.270000
3	188.290000
58	188.300000
72	188.300000
68	188.310000
82	188.310000
63	188.320000
50	188.340000
57	188.350000
56	188.460000
60	188.550000
51	273.800000
71	273.810000
24	273.850000
86	273.950000
27	273.990000
52	273.990000
97	273.990000
39	274.040000
87	274.050000
11	274.060000
92	274.070000
14	274.080000
80	274.100000
37	274.130000
70	274.140000
47	274.150000
44	274.160000
17	274.180000
53	274.180000
73	274.180000
41	274.190000
76	274.190000
48	274.210000
6	274.220000
33	274.220000
96	274.240000
74	274.260000
79	274.260000
95	274.260000
94	274.270000
77	274.280000
21	274.290000
22	274.290000
1	274.310000
4	274.310000
20	274.320000
32	274.320000
0	274.330000
26	274.330000
88	274.330000
89	274.330000
35	274.340000
43	274.340000
85	274.340000
49	274.350000
12	274.360000
46	274.360000
61	274.360000
75	274.360000
54	274.380000
62	274.380000
2	274.390000
7	274.390000
19	274.390000
66	274.390000
81	274.390000
55	274.400000
25	274.410000
28	274.410000
64	274.410000
99	274.410000
29	274.420000
18	274.430000
42	274.430000
65	274.450000
23	274.470000
40	274.470000
5	274.490000
90	274.490000
34	274.500000
15	274.510000
31	274.520000
45	274.520000
93	274.520000
98	274.520000
59	274.530000
16	274.540000
38	274.540000
91	274.540000
8	274.550000
78	274.550000
13	274.570000
83	274.570000
30	274.590000
36	274.610000
9	274.620000
67	274.620000
84	274.620000
69	274.630000
10	274.690000
3	274.710000
58	274.730000
68	274.730000
72	274.730000
82	274.730000
63	274.740000
50	274.770000
57	274.780000
56	274.880000
60	274.980000
51	360.230000
71	360.240000
24	360.290000
86	360.380000
27	360.420000
52	360.420000
97	360.420000
39	360.480000
87	360.490000
11	360.500000
92	360.500000
14	360.510000
80	360.530000
37	360.560000
70	360.580000
47	360.590000
44	360.600000
17	360.610000
73	360.610000
53	360.620000
76	360.620000
41	360.630000
48	360.640000
6	360.650000
33	360.650000
96	360.670000
74	360.690000
79	360.690000
95	360.690000
94	360.700000
77	360.710000
21	360.720000
22	360.720000
1	360.740000
4	360.740000
20	360.750000
32	360.750000
0	360.760000
26	360.760000
88	360.760000
89	360.760000
35	360.770000
43	360.770000
85	360.770000
49	360.780000
12	360.790000
46	360.790000
61	360.790000
75	360.790000
54	360.810000
62	360.810000
2	360.820000
7	360.820000
19	360.820000
66	360.820000
81	360.820000
55	360.830000
25	360.840000
28	360.840000
64	360.840000
99	360.840000
29	360.850000
18	360.860000
42	360.860000
65	360.880000
23	360.900000
40	360.900000
5	360.920000
90	360.920000
34	360.930000
15	360.940000
31	360.940000
93	360.940000
45	360.950000
98	360.950000
38	360.960000
59	360.960000
16	360.970000
78	360.970000
91	360.970000
8	360.980000
13	360.990000
83	360.990000
30	361.020000
36	361.030000
9	361.040000
67	361.040000
84	361.040000
69	361.050000
10	361.120000
3	361.140000
58	361.150000
72	361.150000
82	361.150000
63	361.160000
68	361.160000
50	361.190000
57	361.200000
56	361.310000
60	361.400000
51	446.670000
71	446.680000
24	446.720000
86	446.820000
27	446.860000
52	446.860000
97	446.860000
39	446.910000
87	446.920000
11	446.930000
92	446.940000
14	446.950000
80	446.960000
37	447.000000
70	447.010000
47	447.020000
44	447.030000
17	447.050000
53	447.050000
73	447.050000
41	447.060000
76	447.060000
48	447.070000
33	447.080000
6	447.090000
96	447.100000
74	447.120000
79	447.120000
95	447.130000
94	447.140000
21	447.150000
22	447.150000
77	447.150000
1	447.170000
4	447.170000
20	447.180000
32	447.180000
26	447.190000
88	447.190000
89	447.190000
0	447.200000
35	447.200000
43	447.200000
85	447.200000
46	447.220000
49	447.220000
61	447.220000
75	447.220000
12	447.230000
54	447.240000
62	447.240000
2	447.250000
7	447.250000
19	447.250000
66	447.250000
55	447.260000
81	447.260000
25	447.270000
28	447.270000
64	447.270000
99	447.270000
29	447.280000
18	447.290000
42	447.290000
65	447.310000
23	447.330000
40	447.330000
5	447.350000
90	447.350000
34	447.360000
15	447.370000
31	447.370000
93	447.370000
45	447.380000
98	447.380000
38	447.390000
59	447.390000
16	447.400000
78	447.400000
91	447.400000
8	447.410000
13	447.420000
83	447.420000
30	447.450000
36	447.460000
9	447.470000
67	447.470000
84	447.470000
69	447.480000
10	447.550000
3	447.570000
58	447.580000
72	447.580000
82	447.580000
63	447.590000
68	447.590000
50	447.620000
57	447.630000
56	447.730000
60	447.830000
51	533.100000
71	533.110000
24	533.160000
86	533.250000
27	533.290000
52	533.290000
97	533.290000
39	533.350000
87	533.360000
11	533.370000
92	533.370000
14	533.380000
80	533.400000
37	533.430000
70	533.450000
47	533.460000
44	533.470000
17	533.480000
53	533.480000
73	533.480000
41	533.490000
76	533.490000
48	533.500000
33	533.510000
6	533.520000
96	533.530000
74	533.550000
79	533.550000
95	533.560000
94	533.570000
21	533.580000
22	533.580000
77	533.580000
1	533.600000
4	533.600000
20	533.610000
32	533.610000
26	533.620000
88	533.620000
0	533.630000
35	533.630000
43	533.630000
85	533.630000
89	533.630000
46	533.650000
61	533.650000
75	533.650000
49	533.660000
12	533.670000
54	533.670000
62	533.670000
2	533.680000
7	533.680000
66	533.680000
19	533.690000
55	533.690000
25	533.700000
28	533.700000
64	533.700000
81	533.700000
99	533.700000
29	533.710000
18	533.720000
42	533.720000
65	533.740000
23	533.760000
40	533.760000
5	533.780000
90	533.780000
34	533.790000
15	533.800000
31	533.800000
93	533.800000
45	533.810000
98	533.810000
38	533.820000
59	533.820000
16	533.830000
78	533.830000
91	533.830000
8	533.840000
13	533.850000
83	533.850000
30	533.880000
9	533.890000
36	533.890000
67	533.900000
84	533.900000
69	533.910000
10	533.970000
3	533.990000
58	534.010000
68	534.010000
72	534.010000
82	534.010000
63	534.020000
50	534.040000
57	534.050000
56	534.160000
60	534.250000
51	619.540000
71	619.550000
24	619.590000
86	619.690000
27	619.730000
52	619.730000
97	619.730000
39	619.780000
87	619.790000
11	619.800000
92	619.810000
14	619.820000
80	619.840000
37	619.870000
70	619.880000
47	619.890000
44	619.900000
17	619.920000
53	619.920000
73	619.920000
41	619.930000
76	619.930000
48	619.940000
6	619.950000
33	619.950000
96	619.960000
74	619.990000
79	619.990000
95	619.990000
94	620.000000
77	620.010000
21	620.020000
22	620.020000
1	620.030000
4	620.030000
20	620.040000
32	620.040000
26	620.050000
88	620.050000
35	620.060000
85	620.060000
0	620.070000
43	620.070000
89	620.070000
61	620.080000
75	620.080000
46	620.090000
49	620.100000
54	620.100000
62	620.100000
2	620.110000
7	620.110000
12	620.110000
66	620.110000
55	620.120000
19	620.130000
25	620.130000
28	620.130000
64	620.130000
99	620.130000
29	620.140000
81	620.140000
18	620.150000
42	620.160000
65	620.170000
23	620.190000
40	620.190000
5	620.210000
90	620.210000
34	620.220000
15	620.230000
31	620.230000
93	620.230000
45	620.240000
98	620.240000
38	620.250000
59	620.250000
16	620.260000
78	620.260000
91	620.260000
8	620.270000
13	620.280000
83	620.280000
30	620.310000
9	620.320000
36	620.320000
67	620.320000
84	620.330000
69	620.340000
10	620.400000
3	620.420000
58	620.440000
68	620.440000
72	620.440000
82	620.440000
63	620.450000
50	620.470000
57	620.480000
56	620.590000
60	620.680000
51	705.970000
71	705.980000
24	706.030000
86	706.120000
27	706.160000
52	706.160000
97	706.160000
39	706.220000
11	706.230000
87	706.230000
92	706.240000
14	706.250000
80	706.270000
37	706.300000
70	706.310000
47	706.320000
44	706.330000
17	706.350000
53	706.350000
73	706.350000
41	706.360000
76	706.360000
48	706.370000
6	706.380000
33	706.380000
96	706.390000
74	706.420000
95	706.420000
79	706.430000
94	706.430000
77	706.440000
21	706.450000
4	706.460000
22	706.460000
1	706.470000
20	706.470000
32	706.470000
26	706.480000
88	706.480000
35	706.490000
85	706.490000
0	706.500000
89	706.500000
43	706.510000
61	706.510000
75	706.510000
46	706.530000
54	706.530000
62	706.530000
2	706.540000
7	706.540000
12	706.540000
49	706.540000
66	706.540000
55	706.550000
19	706.560000
25	706.560000
99	706.560000
28	706.570000
29	706.570000
64	706.570000
81	706.570000
18	706.580000
42	706.600000
65	706.600000
23	706.620000
40	706.620000
5	706.640000
90	706.640000
34	706.650000
15	706.660000
31	706.660000
93	706.660000
45	706.670000
98	706.670000
38	706.680000
59	706.680000
16	706.690000
78	706.690000
91	706.690000
8	706.700000
13	706.710000
83	706.710000
30	706.740000
9	706.750000
36	706.750000
67	706.750000
84	706.760000
69	706.770000
10	706.830000
3	706.850000
58	706.870000
68	706.870000
72	706.870000
82	706.870000
63	706.880000
50	706.900000
57	706.910000
56	707.010000
60	707.100000
51	792.410000
71	792.420000
24	792.460000
86	792.560000
27	792.600000
52	792.600000
97	792.600000
39	792.650000
87	792.660000
11	792.670000
92	792.680000
14	792.690000
80	792.710000
37	792.740000
70	792.750000
47	792.760000
44	792.770000
17	792.790000
53	792.790000
73	792.790000
41	792.800000
76	792.800000
48	792.810000
6	792.820000
33	792.820000
96	792.830000
74	792.860000
95	792.860000
79	792.870000
94	792.870000
21	792.880000
77	792.880000
4	792.900000
22	792.900000
1	792.910000
20	792.910000
32	792.910000
88	792.910000
26	792.920000
35	792.920000
85	792.930000
89	792.930000
0	792.940000
75	792.940000
43	792.950000
61	792.950000
2	792.970000
7	792.970000
12	792.970000
46	792.970000
49	792.970000
54	792.970000
62	792.970000
66	792.970000
55	792.980000
19	792.990000
25	792.990000
99	792.990000
29	793.000000
81	793.000000
18	793.010000
28	793.010000
64	793.010000
42	793.030000
65	793.030000
23	793.050000
40	793.050000
5	793.070000
90	793.070000
34	793.080000
31	793.090000
93	793.090000
15	793.100000
45	793.100000
98	793.100000
38	793.110000
59	793.110000
16	793.120000
78	793.120000
91	793.120000
8	793.130000
13	793.140000
83	793.140000
30	793.170000
9	793.180000
36	793.180000
67	793.180000
84	793.190000
69	793.200000
10	793.260000
3	793.280000
58	793.300000
68	793.300000
72	793.300000
82	793.300000
63	793.310000
50	793.330000
57	793.340000
56	793.440000
60	793.530000
51	878.840000
71	878.850000
24	878.900000
86	878.990000
27	879.030000
52	879.030000
97	879.030000
39	879.080000
87	879.090000
11	879.110000
92	879.110000
14	879.120000
80	879.140000
37	879.170000
70	879.180000
47	879.190000
44	879.200000
17	879.220000
53	879.220000
73	879.220000
41	879.230000
76	879.230000
48	879.240000
6	879.250000
33	879.250000
96	879.260000
74	879.290000
95	879.290000
79	879.300000
94	879.300000
21	879.310000
77	879.310000
22	879.330000
1	879.340000
4	879.340000
20	879.340000
32	879.340000
26	879.350000
88	879.350000
35	879.360000
85	879.360000
89	879.360000
0	879.370000
43	879.380000
75	879.380000
61	879.390000
12	879.400000
46	879.400000
49	879.400000
2	879.410000
7	879.410000
54	879.410000
62	879.410000
66	879.410000
19	879.420000
55	879.420000
25	879.430000
29	879.430000
81	879.430000
99	879.430000
18	879.440000
28	879.450000
64	879.450000
42	879.460000
65	879.460000
23	879.480000
40	879.480000
5	879.500000
90	879.500000
34	879.510000
31	879.520000
93	879.520000
45	879.530000
98	879.530000
15	879.540000
38	879.540000
59	879.540000
16	879.550000
78	879.550000
91	879.550000
8	879.560000
13	879.570000
83	879.570000
30	879.600000
9	879.610000
36	879.610000
67	879.610000
84	879.620000
69	879.630000
10	879.690000
3	879.710000
58	879.730000
68	879.730000
72	879.730000
82	879.730000
63	879.740000
50	879.760000
57	879.770000
56	879.870000
60	879.960000
51	965.280000
71	965.290000
24	965.330000
86	965.430000
27	965.470000
52	965.470000
97	965.470000
39	965.520000
87	965.530000
11	965.540000
92	965.550000
14	965.560000
80	965.580000
37	965.610000
70	965.620000
47	965.630000
44	965.640000
17	965.660000
53	965.660000
73	965.660000
41	965.670000
76	965.670000
48	965.680000
6	965.690000
33	965.690000
96	965.700000
74	965.720000
95	965.720000
79	965.730000
94	965.730000
77	965.740000
21	965.750000
22	965.760000
20	965.770000
32	965.770000
1	965.780000
4	965.780000
26	965.780000
85	965.790000
88	965.790000
89	965.790000
35	965.800000
0	965.810000
43	965.810000
75	965.820000
12	965.830000
46	965.830000
49	965.830000
61	965.830000
2	965.850000
7	965.850000
19	965.850000
54	965.850000
62	965.850000
66	965.850000
55	965.860000
81	965.860000
18	965.870000
25	965.870000
29	965.870000
99	965.870000
28	965.880000
64	965.880000
42	965.890000
65	965.900000
23	965.920000
40	965.920000
5	965.940000
90	965.940000
34	965.950000
31	965.960000
45	965.960000
93	965.960000
98	965.960000
15	965.970000
59	965.970000
16	965.980000
38	965.980000
8	965.990000
78	965.990000
91	965.990000
13	966.000000
83	966.010000
30	966.030000
9	966.040000
36	966.040000
67	966.040000
84	966.050000
69	966.060000
10	966.120000
3	966.140000
58	966.160000
68	966.160000
72	966.160000
82	966.160000
63	966.170000
50	966.190000
57	966.200000
56	966.300000
60	966.390000
51	1051.710000
71	1051.720000
24	1051.770000
86	1051.860000
27	1051.900000
52	1051.900000
97	1051.900000
39	1051.960000
11	1051.970000
87	1051.970000
92	1051.980000
14	1051.990000
80	1052.010000
37	1052.040000
47	1052.060000
70	1052.060000
44	1052.070000
17	1052.090000
53	1052.090000
73	1052.090000
41	1052.100000
76	1052.100000
48	1052.110000
33	1052.120000
6	1052.130000
96	1052.130000
74	1052.160000
95	1052.160000
79	1052.170000
94	1052.170000
77	1052.180000
21	1052.190000
20	1052.200000
22	1052.200000
32	1052.200000
26	1052.210000
1	1052.220000
4	1052.220000
85	1052.220000
89	1052.220000
88	1052.230000
0	1052.240000
35	1052.240000
43	1052.240000
12	1052.260000
46	1052.260000
49	1052.260000
75	1052.260000
61	1052.270000
19	1052.280000
2	1052.290000
7	1052.290000
54	1052.290000
62	1052.290000
66	1052.290000
81	1052.290000
18	1052.300000
55	1052.300000
25	1052.310000
28	1052.310000
29	1052.310000
64	1052.310000
99	1052.310000
42	1052.320000
65	1052.340000
23	1052.360000
40	1052.360000
5	1052.380000
90	1052.380000
34	1052.390000
15	1052.400000
31	1052.400000
45	1052.400000
93	1052.400000
98	1052.400000
38	1052.410000
59	1052.410000
16	1052.420000
78	1052.420000
91	1052.420000
8	1052.430000
13	1052.440000
83	1052.440000
30	1052.470000
36	1052.470000
67	1052.470000
9	1052.480000
84	1052.480000
69	1052.490000
10	1052.550000
3	1052.570000
58	1052.590000
68	1052.590000
72	1052.590000
82	1052.590000
63	1052.600000
50	1052.620000
57	1052.630000
56	1052.730000
60	1052.820000
51	1138.150000
71	1138.160000
24	1138.200000
86	1138.300000
27	1138.340000
52	1138.340000
97	1138.340000
39	1138.400000
11	1138.410000
87	1138.410000
92	1138.420000
14	1138.430000
80	1138.450000
37	1138.480000
47	1138.500000
70	1138.500000
44	1138.510000
17	1138.530000
41	1138.530000
53	1138.530000
73	1138.530000
76	1138.530000
48	1138.550000
33	1138.560000
6	1138.570000
96	1138.570000
74	1138.600000
95	1138.600000
79	1138.610000
94	1138.610000
77	1138.620000
21	1138.630000
20	1138.640000
22	1138.640000
32	1138.640000
26	1138.650000
1	1138.660000
4	1138.660000
85	1138.660000
89	1138.660000
88	1138.670000
0	1138.680000
35	1138.680000
43	1138.680000
46	1138.690000
49	1138.690000
12	1138.700000
61	1138.700000
75	1138.700000
19	1138.710000
81	1138.720000
2	1138.730000
7	1138.730000
18	1138.730000
54	1138.730000
62	1138.730000
66	1138.730000
28	1138.740000
29	1138.740000
55	1138.740000
64	1138.740000
25	1138.750000
42	1138.750000
99	1138.750000
65	1138.770000
40	1138.790000
23	1138.800000
90	1138.810000
5	1138.820000
15	1138.830000
34	1138.830000
93	1138.830000
31	1138.840000
45	1138.840000
98	1138.840000
16	1138.850000
38	1138.850000
59	1138.850000
8	1138.860000
78	1138.860000
91	1138.860000
13	1138.870000
83	1138.880000
30	1138.900000
9	1138.910000
36	1138.910000
67	1138.910000
84	1138.920000
69	1138.930000
10	1138.990000
3	1139.000000
58	1139.020000
68	1139.020000
72	1139.020000
82	1139.020000
63	1139.030000
50	1139.050000
57	1139.060000
56	1139.160000
60	1139.250000
51	1224.580000
71	1224.590000
24	1224.640000
86	1224.730000
27	1224.770000
52	1224.770000
97	1224.770000
39	1224.830000
87	1224.840000
11	1224.850000
92	1224.850000
14	1224.860000
80	1224.880000
37	1224.910000
70	1224.930000
44	1224.940000
47	1224.940000
17	1224.960000
41	1224.960000
53	1224.960000
73	1224.960000
76	1224.960000
48	1224.990000
33	1225.000000
6	1225.010000
96	1225.010000
74	1225.040000
95	1225.040000
79	1225.050000
94	1225.050000
21	1225.060000
77	1225.060000
22	1225.070000
20	1225.080000
32	1225.080000
1	1225.090000
26	1225.090000
4	1225.100000
85	1225.100000
89	1225.100000
0	1225.110000
88	1225.110000
35	1225.120000
43	1225.120000
46	1225.120000
49	1225.120000
61	1225.130000
75	1225.130000
12	1225.140000
19	1225.150000
81	1225.150000
62	1225.160000
2	1225.170000
7	1225.170000
18	1225.170000
29	1225.170000
54	1225.170000
66	1225.170000
28	1225.180000
42	1225.180000
55	1225.180000
64	1225.180000
25	1225.190000
99	1225.190000
65	1225.210000
40	1225.220000
23	1225.240000
90	1225.240000
5	1225.260000
15	1225.270000
34	1225.270000
93	1225.270000
31	1225.280000
45	1225.280000
98	1225.280000
16	1225.290000
38	1225.290000
59	1225.290000
8	1225.300000
78	1225.300000
91	1225.300000
13	1225.310000
83	1225.320000
30	1225.340000
9	1225.350000
36	1225.350000
67	1225.350000
69	1225.360000
84	1225.360000
10	1225.420000
3	1225.440000
58	1225.460000
68	1225.460000
72	1225.460000
82	1225.460000
63	1225.470000
50	1225.490000
57	1225.500000
56	1225.590000
60	1225.680000
51	1311.020000
71	1311.030000
24	1311.070000
86	1311.170000
27	1311.210000
52	1311.210000
97	1311.210000
39	1311.270000
11	1311.280000
87	1311.280000
92	1311.290000
14	1311.300000
80	1311.320000
37	1311.350000
70	1311.370000
44	1311.380000
47	1311.380000
17	1311.400000
41	1311.400000
53	1311.400000
73	1311.400000
76	1311.400000
48	1311.430000
33	1311.440000
6	1311.450000
96	1311.450000
74	1311.480000
95	1311.480000
21	1311.490000
79	1311.490000
94	1311.490000
22	1311.500000
77	1311.500000
1	1311.520000
20	1311.520000
32	1311.520000
26	1311.530000
4	1311.540000
85	1311.540000
89	1311.540000
0	1311.550000
49	1311.550000
88	1311.550000
35	1311.560000
43	1311.560000
46	1311.560000
75	1311.560000
61	1311.570000
12	1311.580000
81	1311.580000
19	1311.590000
62	1311.590000
29	1311.600000
2	1311.610000
7	1311.610000
18	1311.610000
42	1311.610000
54	1311.610000
66	1311.610000
28	1311.620000
55	1311.620000
64	1311.620000
25	1311.630000
99	1311.630000
40	1311.650000
65	1311.650000
23	1311.680000
90	1311.680000
5	1311.700000
34	1311.700000
15	1311.710000
93	1311.710000
31	1311.720000
38	1311.720000
45	1311.720000
59	1311.720000
98	1311.720000
16	1311.730000
8	1311.740000
78	1311.740000
91	1311.740000
13	1311.750000
83	1311.760000
30	1311.770000
9	1311.780000
36	1311.780000
67	1311.780000
84	1311.790000
69	1311.800000
10	1311.860000
3	1311.870000
58	1311.890000
68	1311.890000
72	1311.890000
82	1311.890000
63	1311.900000
50	1311.920000
57	1311.930000
56	1312.020000
60	1312.110000
51	1397.450000
71	1397.460000
24	1397.510000
86	1397.600000
52	1397.640000
97	1397.640000
27	1397.650000
39	1397.700000
87	1397.710000
11	1397.720000
14	1397.730000
92	1397.730000
80	1397.750000
37	1397.780000
47	1397.810000
70	1397.810000
44	1397.820000
17	1397.840000
41	1397.840000
53	1397.840000
73	1397.840000
76	1397.840000
48	1397.860000
6	1397.880000
33	1397.880000
96	1397.890000
74	1397.910000
95	1397.910000
79	1397.920000
94	1397.920000
21	1397.930000
77	1397.930000
22	1397.940000
1	1397.950000
20	1397.960000
32	1397.960000
4	1397.970000
26	1397.970000
0	1397.980000
85	1397.980000
89	1397.980000
49	1397.990000
75	1397.990000
88	1397.990000
35	1398.000000
43	1398.000000
46	1398.000000
61	1398.010000
12	1398.020000
81	1398.020000
19	1398.030000
62	1398.030000
29	1398.040000
2	1398.050000
7	1398.050000
18	1398.050000
42	1398.050000
54	1398.050000
66	1398.050000
28	1398.060000
55	1398.060000
64	1398.060000
25	1398.070000
99	1398.070000
40	1398.090000
65	1398.090000
23	1398.120000
90	1398.120000
5	1398.140000
34	1398.140000
15	1398.150000
93	1398.150000
31	1398.160000
38	1398.160000
45	1398.160000
59	1398.160000
98	1398.160000
16	1398.170000
8	1398.180000
78	1398.180000
91	1398.180000
13	1398.190000
83	1398.200000
30	1398.210000
9	1398.220000
36	1398.220000
67	1398.220000
84	1398.230000
69	1398.240000
10	1398.300000
3	1398.310000
58	1398.330000
68	1398.330000
72	1398.330000
82	1398.330000
63	1398.340000
50	1398.360000
57	1398.370000
56	1398.460000
60	1398.540000
51	1483.890000
71	1483.900000
24	1483.940000
86	1484.040000
27	1484.080000
52	1484.080000
97	1484.080000
39	1484.140000
87	1484.150000
11	1484.160000
14	1484.170000
92	1484.170000
80	1484.190000
37	1484.220000
47	1484.250000
70	1484.250000
44	1484.260000
17	1484.280000
41	1484.280000
53	1484.280000
73	1484.280000
76	1484.280000
48	1484.300000
6	1484.310000
33	1484.320000
96	1484.330000
74	1484.340000
95	1484.340000
79	1484.350000
94	1484.350000
77	1484.360000
21	1484.370000
22	1484.380000
1	1484.390000
4	1484.400000
20	1484.400000
32	1484.400000
26	1484.410000
0	1484.420000
75	1484.420000
85	1484.420000
89	1484.420000
49	1484.430000
88	1484.430000
35	1484.440000
43	1484.440000
46	1484.440000
61	1484.450000
12	1484.460000
81	1484.460000
19	1484.470000
62	1484.470000
29	1484.480000
2	1484.490000
7	1484.490000
18	1484.490000
42	1484.490000
54	1484.490000
66	1484.490000
28	1484.500000
55	1484.500000
64	1484.500000
25	1484.510000
99	1484.510000
40	1484.530000
65	1484.530000
23	1484.560000
90	1484.560000
5	1484.570000
34	1484.580000
15	1484.590000
93	1484.590000
98	1484.590000
31	1484.600000
38	1484.600000
45	1484.600000
59	1484.600000
16	1484.610000
8	1484.620000
78	1484.620000
91	1484.620000
13	1484.630000
83	1484.640000
30	1484.650000
9	1484.660000
36	1484.660000
67	1484.660000
84	1484.670000
69	1484.680000
10	1484.740000
3	1484.750000
58	1484.770000
63	1484.770000
68	1484.770000
72	1484.770000
82	1484.770000
50	1484.790000
57	1484.800000
56	1484.890000
60	1484.970000
51	1570.320000
71	1570.330000
24	1570.380000
86	1570.470000
52	1570.510000
27	1570.520000
97	1570.520000
39	1570.570000
87	1570.580000
11	1570.590000
92	1570.600000
14	1570.610000
80	1570.630000
37	1570.660000
70	1570.680000
47	1570.690000
44	1570.700000
17	1570.710000
53	1570.710000
73	1570.710000
41	1570.720000
76	1570.720000
48	1570.740000
6	1570.750000
33	1570.750000
96	1570.760000
74	1570.780000
95	1570.780000
79	1570.790000
94	1570.790000
77	1570.800000
21	1570.810000
22	1570.820000
1	1570.830000
4	1570.840000
20	1570.840000
32	1570.840000
0	1570.850000
26	1570.850000
75	1570.860000
85	1570.860000
89	1570.860000
49	1570.870000
88	1570.870000
35	1570.880000
43	1570.880000
46	1570.880000
61	1570.890000
12	1570.900000
81	1570.900000
19	1570.910000
62	1570.910000
29	1570.920000
54	1570.920000
2	1570.930000
7	1570.930000
18	1570.930000
42	1570.930000
66	1570.930000
28	1570.940000
55	1570.940000
64	1570.940000
25	1570.950000
99	1570.950000
40	1570.970000
65	1570.970000
23	1571.000000
90	1571.000000
5	1571.010000
34	1571.020000
15	1571.030000
93	1571.030000
98	1571.030000
31	1571.040000
38	1571.040000
45	1571.040000
59	1571.040000
16	1571.050000
8	1571.060000
78	1571.060000
91	1571.060000
13	1571.070000
83	1571.080000
30	1571.090000
9	1571.100000
36	1571.100000
67	1571.100000
84	1571.110000
69	1571.120000
10	1571.180000
3	1571.190000
72	1571.200000
82	1571.200000
58	1571.210000
63	1571.210000
68	1571.210000
50	1571.230000
57	1571.240000
56	1571.330000
60	1571.410000
51	1656.760000
71	1656.770000
24	1656.820000
86	1656.910000
27	1656.950000
52	1656.950000
97	1656.950000
39	1657.010000
87	1657.020000
11	1657.030000
92	1657.040000
14	1657.050000
80	1657.070000
37	1657.100000
70	1657.120000
47	1657.130000
44	1657.140000
17	1657.150000
53	1657.150000
73	1657.150000
41	1657.160000
76	1657.160000
48	1657.180000
6	1657.190000
33	1657.190000
96	1657.200000
74	1657.220000
95	1657.220000
79	1657.230000
94	1657.230000
77	1657.240000
21	1657.250000
22	1657.260000
1	1657.270000
4	1657.280000
20	1657.280000
32	1657.280000
0	1657.290000
26	1657.290000
85	1657.300000
89	1657.300000
49	1657.310000
75	1657.310000
88	1657.310000
35	1657.320000
43	1657.320000
46	1657.320000
61	1657.330000
12	1657.340000
81	1657.340000
19	1657.350000
54	1657.350000
62	1657.350000
29	1657.360000
2	1657.370000
7	1657.370000
18	1657.370000
42	1657.370000
66	1657.370000
28	1657.380000
55	1657.380000
64	1657.380000
25	1657.390000
99	1657.390000
40	1657.410000
65	1657.410000
23	1657.440000
90	1657.440000
5	1657.450000
34	1657.460000
15	1657.470000
93	1657.470000
98	1657.470000
31	1657.480000
38	1657.480000
45	1657.480000
59	1657.480000
16	1657.490000
8	1657.500000
78	1657.500000
91	1657.500000
13	1657.510000
83	1657.520000
30	1657.530000
9	1657.540000
36	1657.540000
67	1657.540000
84	1657.550000
69	1657.560000
10	1657.620000
3	1657.630000
72	1657.640000
82	1657.640000
58	1657.650000
63	1657.650000
68	1657.650000
50	1657.670000
57	1657.680000
56	1657.760000
60	1657.840000
51	1743.190000
71	1743.200000
24	1743.250000
86	1743.340000
52	1743.380000
27	1743.390000
97	1743.390000
39	1743.450000
87	1743.460000
11	1743.470000
92	1743.480000
14	1743.490000
80	1743.500000
37	1743.540000
47	1743.560000
70	1743.560000
44	1743.580000
17	1743.590000
53	1743.590000
73	1743.590000
41	1743.600000
76	1743.600000
48	1743.620000
6	1743.630000
33	1743.630000
96	1743.640000
74	1743.660000
95	1743.660000
79	1743.670000
94	1743.670000
77	1743.680000
21	1743.690000
22	1743.700000
1	1743.710000
0	1743.720000
4	1743.720000
20	1743.720000
32	1743.720000
26	1743.730000
85	1743.740000
89	1743.740000
49	1743.750000
75	1743.750000
88	1743.750000
35	1743.760000
43	1743.760000
46	1743.760000
61	1743.770000
12	1743.780000
81	1743.780000
19	1743.790000
54	1743.790000
62	1743.790000
29	1743.800000
2	1743.810000
7	1743.810000
18	1743.810000
42	1743.810000
66	1743.810000
28	1743.820000
55	1743.820000
64	1743.820000
25	1743.830000
99	1743.830000
40	1743.850000
65	1743.850000
23	1743.880000
90	1743.880000
5	1743.890000
34	1743.900000
15	1743.910000
93	1743.910000
98	1743.910000
31	1743.920000
38	1743.920000
45	1743.920000
59	1743.920000
16	1743.930000
8	1743.940000
78	1743.940000
91	1743.940000
13	1743.950000
83	1743.960000
30	1743.970000
9	1743.980000
36	1743.980000
67	1743.980000
84	1743.990000
69	1744.000000
10	1744.060000
3	1744.070000
72	1744.080000
82	1744.080000
58	1744.090000
63	1744.090000
68	1744.090000
50	1744.110000
57	1744.120000
56	1744.200000
60	1744.270000
51	1829.630000
71	1829.640000
24	1829.690000
86	1829.780000
52	1829.820000
27	1829.830000
97	1829.830000
39	1829.880000
11	1829.900000
87	1829.900000
14	1829.920000
92	1829.920000
80	1829.940000
37	1829.970000
47	1830.000000
70	1830.000000
44	1830.020000
17	1830.030000
53	1830.030000
73	1830.030000
41	1830.040000
76	1830.040000
48	1830.060000
6	1830.070000
33	1830.070000
96	1830.080000
74	1830.100000
95	1830.100000
79	1830.110000
94	1830.110000
77	1830.120000
21	1830.130000
22	1830.140000
1	1830.150000
0	1830.160000
4	1830.160000
20	1830.160000
32	1830.160000
26	1830.170000
85	1830.180000
89	1830.180000
49	1830.190000
75	1830.190000
88	1830.190000
35	1830.200000
43	1830.200000
46	1830.200000
61	1830.210000
12	1830.220000
81	1830.220000
19	1830.230000
54	1830.230000
62	1830.230000
29	1830.240000
2	1830.250000
7	1830.250000
18	1830.250000
42	1830.250000
66	1830.250000
28	1830.260000
55	1830.260000
64	1830.260000
25	1830.270000
99	1830.270000
40	1830.290000
65	1830.290000
23	1830.320000
90	1830.320000
5	1830.330000
34	1830.340000
15	1830.350000
93	1830.350000
98	1830.350000
31	1830.360000
38	1830.360000
45	1830.360000
59	1830.360000
16	1830.370000
8	1830.380000
78	1830.380000
91	1830.380000
13	1830.390000
83	1830.400000
30	1830.410000
9	1830.420000
36	1830.420000
67	1830.420000
84	1830.430000
69	1830.440000
10	1830.500000
3	1830.510000
72	1830.520000
82	1830.520000
58	1830.530000
63	1830.530000
68	1830.530000
50	1830.550000
57	1830.560000
56	1830.640000
60	1830.710000
51	1916.060000
71	1916.070000
24	1916.120000
86	1916.210000
52	1916.250000
27	1916.260000
97	1916.260000
39	1916.320000
87	1916.330000
11	1916.340000
92	1916.350000
14	1916.360000
80	1916.380000
37	1916.410000
47	1916.440000
70	1916.440000
44	1916.460000
17	1916.470000
53	1916.470000
73	1916.470000
41	1916.480000
76	1916.480000
48	1916.500000
6	1916.510000
33	1916.510000
96	1916.520000
74	1916.540000
95	1916.540000
79	1916.550000
94	1916.550000
77	1916.560000
21	1916.570000
22	1916.580000
0	1916.590000
1	1916.590000
4	1916.600000
20	1916.600000
32	1916.600000
26	1916.610000
85	1916.620000
89	1916.620000
49	1916.630000
75	1916.630000
88	1916.630000
35	1916.640000
43	1916.640000
46	1916.640000
61	1916.650000
12	1916.660000
81	1916.660000
19	1916.670000
54	1916.670000
62	1916.670000
29	1916.680000
2	1916.690000
7	1916.690000
18	1916.690000
42	1916.690000
66	1916.690000
28	1916.700000
55	1916.700000
64	1916.700000
25	1916.710000
99	1916.710000
40	1916.730000
65	1916.730000
23	1916.760000
90	1916.760000
5	1916.770000
34	1916.780000
15	1916.790000
93	1916.790000
98	1916.790000
31	1916.800000
38	1916.800000
45	1916.800000
59	1916.800000
16	1916.810000
8	1916.820000
78	1916.820000
91	1916.820000
13	1916.830000
83	1916.840000
30	1916.850000
9	1916.860000
36	1916.860000
67	1916.860000
84	1916.870000
69	1916.880000
10	1916.940000
3	1916.950000
72	1916.960000
82	1916.960000
58	1916.970000
63	1916.970000
68	1916.970000
50	1916.990000
57	1917.000000
56	1917.080000
60	1917.150000
51	2002.500000
71	2002.510000
24	2002.560000
86	2002.650000
52	2002.690000
27	2002.700000
97	2002.700000
39	2002.760000
87	2002.770000
11	2002.780000
92	2002.790000
14	2002.800000
80	2002.820000
37	2002.850000
47	2002.880000
70	2002.880000
44	2002.900000
17	2002.910000
53	2002.910000
73	2002.910000
41	2002.920000
76	2002.920000
48	2002.940000
6	2002.950000
33	2002.950000
96	2002.960000
74	2002.980000
95	2002.980000
79	2002.990000
94	2002.990000
77	2003.000000
21	2003.010000
22	2003.020000
0	2003.030000
1	2003.030000
4	2003.040000
20	2003.040000
32	2003.040000
26	2003.050000
85	2003.060000
89	2003.060000
49	2003.070000
75	2003.070000
88	2003.070000
35	2003.080000
43	2003.080000
46	2003.080000
61	2003.090000
12	2003.100000
81	2003.100000
19	2003.110000
54	2003.110000
62	2003.110000
29	2003.120000
2	2003.130000
7	2003.130000
18	2003.130000
42	2003.130000
66	2003.130000
28	2003.140000
55	2003.140000
64	2003.140000
25	2003.150000
99	2003.150000
40	2003.170000
65	2003.170000
23	2003.200000
90	2003.200000
5	2003.210000
34	2003.220000
15	2003.230000
93	2003.230000
98	2003.230000
31	2003.240000
38	2003.240000
45	2003.240000
59	2003.240000
16	2003.250000
8	2003.260000
78	2003.260000
91	2003.260000
13	2003.270000
83	2003.280000
9	2003.300000
30	2003.300000
36	2003.300000
67	2003.300000
84	2003.310000
69	2003.320000
10	2003.380000
3	2003.390000
72	2003.400000
82	2003.400000
58	2003.410000
63	2003.410000
68	2003.410000
50	2003.430000
57	2003.440000
56	2003.510000
60	2003.580000
51	2088.930000
71	2088.940000
24	2088.990000
86	2089.090000
52	2089.130000
27	2089.140000
97	2089.140000
39	2089.200000
11	2089.210000
87	2089.210000
92	2089.230000
14	2089.240000
80	2089.260000
37	2089.290000
70	2089.310000
47	2089.320000
17	2089.340000
44	2089.340000
73	2089.340000
53	2089.350000
76	2089.350000
41	2089.360000
48	2089.370000
6	2089.390000
33	2089.390000
96	2089.400000
74	2089.420000
95	2089.420000
79	2089.430000
94	2089.430000
77	2089.440000
21	2089.450000
0	2089.460000
22	2089.460000
1	2089.470000
4	2089.480000
20	2089.480000
32	2089.480000
26	2089.490000
85	2089.500000
89	2089.500000
49	2089.510000
75	2089.510000
88	2089.510000
35	2089.520000
43	2089.520000
46	2089.520000
61	2089.530000
12	2089.540000
81	2089.540000
19	2089.550000
54	2089.550000
62	2089.550000
29	2089.560000
2	2089.570000
7	2089.570000
18	2089.570000
42	2089.570000
66	2089.570000
28	2089.580000
55	2089.580000
64	2089.580000
25	2089.590000
99	2089.590000
65	2089.610000
40	2089.620000
23	2089.640000
5	2089.650000
90	2089.650000
34	2089.660000
15	2089.670000
93	2089.670000
31	2089.680000
45	2089.680000
98	2089.680000
38	2089.690000
59	2089.690000
16	2089.700000
8	2089.710000
78	2089.710000
91	2089.710000
13	2089.720000
83	2089.730000
9	2089.750000
30	2089.750000
36	2089.750000
67	2089.750000
84	2089.760000
69	2089.770000
10	2089.820000
3	2089.830000
72	2089.840000
82	2089.840000
58	2089.850000
63	2089.850000
68	2089.850000
50	2089.870000
57	2089.880000
56	2089.950000
60	2090.020000
51	2175.370000
71	2175.380000
24	2175.430000
86	2175.520000
52	2175.560000
27	2175.570000
97	2175.570000
39	2175.630000
11	2175.650000
87	2175.650000
14	2175.670000
92	2175.670000
80	2175.690000
37	2175.730000
70	2175.750000
47	2175.760000
17	2175.780000
44	2175.780000
73	2175.780000
53	2175.790000
76	2175.790000
41	2175.800000
48	2175.810000
6	2175.830000
33	2175.830000
96	2175.840000
74	2175.860000
95	2175.860000
79	2175.870000
94	2175.870000
77	2175.880000
21	2175.890000
0	2175.900000
22	2175.900000
1	2175.910000
4	2175.920000
20	2175.920000
32	2175.920000
26	2175.930000
85	2175.940000
89	2175.940000
49	2175.950000
75	2175.950000
88	2175.950000
35	2175.960000
43	2175.960000
46	2175.960000
61	2175.970000
12	2175.980000
81	2175.980000
19	2175.990000
54	2175.990000
62	2175.990000
29	2176.000000
2	2176.010000
7	2176.010000
18	2176.010000
42	2176.010000
66	2176.010000
28	2176.020000
55	2176.020000
64	2176.020000
25	2176.030000
99	2176.030000
65	2176.050000
40	2176.070000
23	2176.080000
5	2176.090000
34	2176.100000
90	2176.100000
15	2176.110000
93	2176.110000
31	2176.120000
45	2176.120000
98	2176.130000
38	2176.140000
59	2176.140000
16	2176.150000
8	2176.160000
13	2176.160000
78	2176.160000
91	2176.160000
83	2176.170000
30	2176.190000
36	2176.190000
9	2176.200000
67	2176.200000
84	2176.200000
69	2176.210000
10	2176.270000
3	2176.280000
82	2176.280000
58	2176.290000
72	2176.290000
63	2176.300000
68	2176.300000
50	2176.310000
57	2176.320000
56	2176.390000
60	2176.460000
51	2261.800000
71	2261.810000
24	2261.860000
86	2261.960000
52	2262.000000
27	2262.010000
97	2262.010000
39	2262.070000
11	2262.090000
87	2262.090000
14	2262.110000
92	2262.110000
80	2262.130000
37	2262.170000
70	2262.190000
47	2262.200000
17	2262.220000
44	2262.220000
73	2262.220000
53	2262.230000
76	2262.230000
41	2262.240000
48	2262.250000
6	2262.270000
33	2262.270000
96	2262.280000
74	2262.300000
95	2262.300000
79	2262.310000
94	2262.310000
77	2262.320000
0	2262.330000
21	2262.330000
22	2262.340000
1	2262.350000
4	2262.360000
20	2262.360000
32	2262.360000
26	2262.370000
85	2262.380000
89	2262.380000
49	2262.390000
88	2262.390000
35	2262.400000
43	2262.400000
46	2262.400000
75	2262.400000
61	2262.410000
12	2262.420000
81	2262.420000
19	2262.430000
54	2262.430000
62	2262.430000
2	2262.450000
7	2262.450000
29	2262.450000
42	2262.450000
66	2262.450000
18	2262.460000
28	2262.460000
64	2262.460000
25	2262.470000
55	2262.470000
99	2262.470000
65	2262.490000
23	2262.520000
40	2262.520000
5	2262.530000
34	2262.540000
15	2262.550000
90	2262.550000
93	2262.550000
31	2262.560000
45	2262.560000
98	2262.570000
38	2262.590000
59	2262.590000
16	2262.600000
78	2262.600000
91	2262.600000
8	2262.610000
13	2262.610000
83	2262.620000
30	2262.640000
36	2262.640000
9	2262.650000
67	2262.650000
84	2262.650000
69	2262.660000
10	2262.710000
3	2262.720000
72	2262.730000
82	2262.730000
58	2262.740000
63	2262.740000
68	2262.740000
50	2262.760000
57	2262.770000
56	2262.830000
60	2262.900000
51	2348.240000
71	2348.250000
24	2348.300000
86	2348.400000
52	2348.440000
27	2348.450000
97	2348.450000
39	2348.510000
87	2348.520000
11	2348.530000
92	2348.540000
14	2348.550000
80	2348.570000
37	2348.610000
70	2348.630000
47	2348.640000
17	2348.660000
44	2348.660000
73	2348.660000
53	2348.670000
76	2348.670000
41	2348.680000
48	2348.690000
6	2348.710000
33	2348.710000
96	2348.720000
74	2348.740000
95	2348.740000
79	2348.750000
94	2348.750000
77	2348.760000
0	2348.770000
21	2348.770000
22	2348.780000
1	2348.790000
4	2348.800000
20	2348.800000
32	2348.800000
26	2348.810000
85	2348.820000
89	2348.820000
49	2348.830000
88	2348.830000
35	2348.840000
43	2348.840000
46	2348.840000
61	2348.850000
75	2348.850000
12	2348.860000
54	2348.870000
62	2348.870000
81	2348.870000
19	2348.880000
2	2348.890000
7	2348.890000
66	2348.890000
28	2348.900000
29	2348.900000
42	2348.900000
64	2348.900000
18	2348.910000
25	2348.910000
99	2348.910000
55	2348.920000
65	2348.930000
23	2348.960000
5	2348.970000
40	2348.970000
34	2348.980000
15	2348.990000
31	2349.000000
45	2349.000000
90	2349.000000
93	2349.000000
98	2349.010000
38	2349.040000
59	2349.040000
78	2349.040000
16	2349.050000
91	2349.050000
8	2349.060000
13	2349.060000
83	2349.070000
30	2349.090000
36	2349.090000
9	2349.100000
67	2349.100000
84	2349.100000
69	2349.110000
10	2349.160000
3	2349.170000
58	2349.180000
72	2349.180000
82	2349.180000
63	2349.190000
68	2349.190000
50	2349.200000
57	2349.210000
56	2349.270000
60	2349.340000
51	2434.670000
71	2434.680000
24	2434.730000
86	2434.830000
52	2434.870000
27	2434.880000
97	2434.880000
39	2434.940000
11	2434.960000
87	2434.960000
92	2434.980000
14	2434.990000
80	2435.010000
37	2435.050000
70	2435.070000
47	2435.080000
17	2435.100000
44	2435.100000
73	2435.100000
53	2435.110000
76	2435.110000
41	2435.120000
48	2435.130000
6	2435.150000
33	2435.150000
96	2435.160000
74	2435.180000
95	2435.180000
79	2435.190000
94	2435.190000
0	2435.200000
77	2435.200000
21	2435.210000
22	2435.220000
1	2435.230000
4	2435.240000
20	2435.240000
32	2435.240000
26	2435.250000
85	2435.260000
89	2435.260000
49	2435.270000
88	2435.270000
35	2435.280000
43	2435.280000
46	2435.280000
61	2435.290000
12	2435.300000
75	2435.300000
54	2435.310000
62	2435.310000
81	2435.320000
2	2435.330000
7	2435.330000
19	2435.330000
66	2435.330000
28	2435.340000
64	2435.340000
25	2435.350000
29	2435.350000
42	2435.350000
99	2435.350000
18	2435.360000
55	2435.360000
65	2435.380000
23	2435.400000
5	2435.410000
34	2435.420000
40	2435.420000
15	2435.440000
31	2435.440000
45	2435.440000
90	2435.450000
93	2435.450000
98	2435.450000
38	2435.490000
59	2435.490000
78	2435.490000
16	2435.500000
91	2435.500000
8	2435.510000
13	2435.510000
83	2435.520000
30	2435.540000
36	2435.540000
9	2435.550000
67	2435.550000
84	2435.550000
69	2435.560000
10	2435.600000
3	2435.610000
72	2435.620000
82	2435.620000
58	2435.630000
63	2435.630000
68	2435.630000
50	2435.650000
57	2435.660000
56	2435.710000
60	2435.780000
51	2521.110000
71	2521.120000
24	2521.170000
86	2521.270000
52	2521.310000
27	2521.320000
97	2521.320000
39	2521.380000
11	2521.400000
87	2521.400000
92	2521.420000
14	2521.430000
80	2521.450000
37	2521.490000
70	2521.510000
47	2521.520000
17	2521.540000
44	2521.540000
73	2521.540000
53	2521.550000
76	2521.550000
41	2521.560000
48	2521.570000
6	2521.590000
33	2521.590000
96	2521.600000
74	2521.620000
95	2521.620000
79	2521.630000
94	2521.630000
0	2521.640000
77	2521.640000
21	2521.650000
22	2521.660000
1	2521.670000
4	2521.680000
20	2521.680000
32	2521.680000
26	2521.690000
85	2521.700000
89	2521.700000
49	2521.710000
88	2521.710000
35	2521.720000
43	2521.720000
46	2521.720000
61	2521.730000
12	2521.740000
62	2521.750000
75	2521.750000
54	2521.760000
2	2521.770000
7	2521.770000
66	2521.770000
81	2521.770000
19	2521.780000
64	2521.780000
25	2521.790000
28	2521.790000
99	2521.790000
29	2521.800000
42	2521.800000
55	2521.800000
18	2521.810000
65	2521.830000
23	2521.850000
5	2521.860000
34	2521.870000
40	2521.870000
15	2521.890000
31	2521.890000
45	2521.890000
90	2521.900000
93	2521.900000
98	2521.900000
38	2521.940000
59	2521.940000
78	2521.940000
16	2521.950000
91	2521.950000
8	2521.960000
13	2521.960000
83	2521.970000
30	2521.990000
36	2521.990000
9	2522.000000
67	2522.000000
84	2522.000000
69	2522.010000
10	2522.050000
3	2522.060000
58	2522.070000
72	2522.070000
82	2522.070000
63	2522.080000
68	2522.080000
50	2522.100000
57	2522.110000
56	2522.150000
60	2522.220000
51	2607.540000
71	2607.550000
24	2607.600000
86	2607.700000
52	2607.750000
27	2607.760000
97	2607.760000
39	2607.820000
11	2607.840000
87	2607.840000
92	2607.860000
14	2607.870000
80	2607.890000
37	2607.930000
70	2607.950000
47	2607.960000
17	2607.980000
44	2607.980000
73	2607.980000
53	2607.990000
76	2607.990000
41	2608.000000
48	2608.010000
6	2608.030000
33	2608.030000
96	2608.040000
74	2608.060000
95	2608.060000
0	2608.070000
79	2608.070000
94	2608.070000
77	2608.080000
21	2608.090000
22	2608.100000
1	2608.120000
4	2608.120000
20	2608.120000
32	2608.120000
26	2608.130000
89	2608.140000
49	2608.150000
85	2608.150000
88	2608.150000
35	2608.160000
43	2608.160000
46	2608.160000
61	2608.170000
12	2608.180000
62	2608.190000
75	2608.200000
2	2608.210000
7	2608.210000
54	2608.210000
66	2608.210000
81	2608.220000
19	2608.230000
64	2608.230000
99	2608.230000
25	2608.240000
28	2608.240000
55	2608.240000
29	2608.250000
42	2608.250000
18	2608.260000
65	2608.280000
23	2608.300000
5	2608.310000
34	2608.320000
40	2608.320000
15	2608.340000
31	2608.340000
45	2608.340000
90	2608.350000
93	2608.350000
98	2608.350000
59	2608.380000
38	2608.390000
78	2608.390000
8	2608.400000
16	2608.400000
91	2608.400000
13	2608.410000
83	2608.420000
30	2608.440000
36	2608.440000
9	2608.450000
67	2608.450000
84	2608.450000
69	2608.460000
10	2608.490000
3	2608.500000
72	2608.510000
58	2608.520000
63	2608.520000
68	2608.520000
82	2608.520000
50	2608.540000
57	2608.550000
56	2608.600000
60	2608.660000
51	2693.980000
71	2693.990000
24	2694.040000
86	2694.140000
52	2694.180000
97	2694.190000
27	2694.200000
39	2694.260000
87	2694.270000
11	2694.280000
14	2694.300000
92	2694.300000
80	2694.330000
37	2694.370000
70	2694.390000
47	2694.400000
17	2694.420000
44	2694.420000
73	2694.420000
53	2694.430000
76	2694.430000
41	2694.440000
48	2694.450000
6	2694.470000
33	2694.470000
96	2694.480000
74	2694.500000
95	2694.500000
0	2694.510000
79	2694.510000
94	2694.510000
77	2694.520000
21	2694.530000
22	2694.540000
4	2694.560000
20	2694.560000
32	2694.560000
1	2694.570000
26	2694.580000
89	2694.580000
88	2694.590000
35	2694.600000
43	2694.600000
46	2694.600000
49	2694.600000
85	2694.600000
61	2694.610000
12	2694.620000
62	2694.640000
75	2694.650000
2	2694.660000
7	2694.660000
54	2694.660000
66	2694.660000
81	2694.670000
19	2694.680000
55	2694.680000
64	2694.680000
99	2694.680000
25	2694.690000
28	2694.690000
29	2694.700000
42	2694.700000
18	2694.710000
65	2694.730000
23	2694.750000
5	2694.760000
34	2694.770000
40	2694.770000
15	2694.790000
31	2694.790000
45	2694.790000
90	2694.800000
93	2694.800000
98	2694.800000
59	2694.830000
38	2694.840000
78	2694.840000
8	2694.850000
16	2694.850000
91	2694.850000
13	2694.860000
83	2694.870000
30	2694.890000
36	2694.890000
9	2694.900000
67	2694.900000
84	2694.900000
69	2694.910000
10	2694.940000
3	2694.950000
72	2694.960000
58	2694.970000
63	2694.970000
68	2694.970000
82	2694.970000
50	2694.990000
57	2695.000000
56	2695.040000
60	2695.100000
51	2780.410000
71	2780.420000
24	2780.470000
86	2780.580000
52	2780.620000
27	2780.630000
97	2780.630000
39	2780.700000
87	2780.710000
11	2780.720000
14	2780.740000
92	2780.740000
80	2780.770000
37	2780.810000
70	2780.830000
47	2780.840000
17	2780.860000
44	2780.860000
73	2780.860000
53	2780.870000
76	2780.870000
41	2780.880000
48	2780.890000
6	2780.910000
33	2780.910000
96	2780.920000
0	2780.940000
74	2780.940000
95	2780.940000
79	2780.950000
94	2780.950000
77	2780.960000
21	2780.970000
22	2780.980000
4	2781.000000
20	2781.000000
32	2781.000000
1	2781.020000
89	2781.020000
26	2781.030000
88	2781.030000
35	2781.040000
43	2781.040000
46	2781.050000
49	2781.050000
61	2781.050000
85	2781.050000
12	2781.060000
62	2781.090000
75	2781.090000
2	2781.110000
7	2781.110000
54	2781.110000
66	2781.110000
55	2781.120000
81	2781.120000
19	2781.130000
64	2781.130000
99	2781.130000
25	2781.140000
28	2781.140000
29	2781.150000
42	2781.150000
18	2781.160000
65	2781.180000
23	2781.200000
5	2781.210000
34	2781.220000
40	2781.220000
15	2781.240000
31	2781.240000
45	2781.240000
90	2781.240000
93	2781.250000
98	2781.250000
59	2781.280000
38	2781.290000
78	2781.290000
8	2781.300000
16	2781.300000
91	2781.300000
13	2781.310000
83	2781.320000
30	2781.340000
36	2781.340000
9	2781.350000
67	2781.350000
84	2781.350000
69	2781.360000
10	2781.390000
3	2781.400000
72	2781.410000
58	2781.420000
63	2781.420000
68	2781.420000
82	2781.420000
50	2781.440000
57	2781.450000
56	2781.490000
60	2781.540000
51	2866.850000
71	2866.860000
24	2866.910000
86	2867.010000
52	2867.060000
27	2867.070000
97	2867.070000
39	2867.130000
11	2867.150000
87	2867.150000
14	2867.180000
92	2867.180000
80	2867.210000
37	2867.250000
70	2867.270000
47	2867.280000
17	2867.300000
44	2867.300000
73	2867.300000
53	2867.310000
76	2867.310000
41	2867.320000
48	2867.330000
6	2867.350000
33	2867.350000
96	2867.360000
0	2867.380000
74	2867.380000
95	2867.380000
79	2867.390000
94	2867.390000
77	2867.400000
21	2867.410000
22	2867.420000
4	2867.440000
20	2867.440000
32	2867.440000
89	2867.460000
1	2867.470000
88	2867.470000
26	2867.480000
35	2867.480000
43	2867.480000
61	2867.490000
12	2867.500000
46	2867.500000
49	2867.500000
85	2867.500000
75	2867.530000
62	2867.540000
2	2867.560000
7	2867.560000
54	2867.560000
66	2867.560000
55	2867.570000
81	2867.570000
19	2867.580000
64	2867.580000
99	2867.580000
25	2867.590000
28	2867.590000
29	2867.600000
42	2867.600000
18	2867.610000
65	2867.630000
23	2867.650000
5	2867.660000
34	2867.670000
40	2867.670000
90	2867.680000
15	2867.690000
31	2867.690000
45	2867.690000
93	2867.700000
98	2867.700000
59	2867.730000
38	2867.740000
78	2867.740000
8	2867.750000
16	2867.750000
91	2867.750000
13	2867.760000
83	2867.770000
30	2867.790000
36	2867.790000
9	2867.800000
67	2867.800000
84	2867.800000
69	2867.810000
10	2867.840000
3	2867.850000
72	2867.860000
58	2867.870000
63	2867.870000
68	2867.870000
82	2867.870000
50	2867.890000
57	2867.890000
56	2867.930000
60	2867.980000
51	2953.280000
71	2953.290000
24	2953.350000
86	2953.450000
52	2953.490000
27	2953.510000
97	2953.510000
39	2953.570000
11	2953.590000
87	2953.590000
14	2953.620000
92	2953.620000
80	2953.650000
37	2953.690000
70	2953.710000
47	2953.720000
17	2953.740000
44	2953.740000
73	2953.740000
53	2953.750000
76	2953.750000
41	2953.760000
48	2953.770000
6	2953.790000
33	2953.790000
96	2953.800000
0	2953.810000
74	2953.820000
95	2953.820000
79	2953.830000
94	2953.830000
77	2953.840000
21	2953.850000
22	2953.860000
4	2953.880000
32	2953.880000
20	2953.890000
89	2953.900000
88	2953.910000
1	2953.920000
35	2953.920000
43	2953.920000
26	2953.930000
61	2953.930000
12	2953.940000
46	2953.950000
49	2953.950000
85	2953.950000
75	2953.970000
62	2953.990000
2	2954.010000
7	2954.010000
54	2954.010000
66	2954.010000
55	2954.020000
81	2954.020000
19	2954.030000
64	2954.030000
99	2954.030000
25	2954.040000
28	2954.040000
29	2954.040000
18	2954.050000
42	2954.050000
65	2954.080000
23	2954.100000
5	2954.110000
34	2954.120000
40	2954.120000
90	2954.120000
15	2954.140000
31	2954.140000
45	2954.140000
93	2954.150000
98	2954.150000
59	2954.180000
38	2954.190000
78	2954.190000
8	2954.200000
16	2954.200000
91	2954.200000
13	2954.210000
83	2954.220000
30	2954.240000
36	2954.240000
9	2954.250000
67	2954.250000
84	2954.250000
69	2954.260000
10	2954.290000
3	2954.300000
72	2954.310000
58	2954.320000
63	2954.320000
68	2954.320000
82	2954.320000
50	2954.340000
57	2954.340000
56	2954.380000
60	2954.430000
51	3039.720000
71	3039.730000
24	3039.780000
86	3039.890000
52	3039.930000
97	3039.940000
27	3039.950000
39	3040.010000
11	3040.030000
87	3040.030000
14	3040.060000
92	3040.060000
80	3040.090000
37	3040.130000
70	3040.150000
47	3040.160000
17	3040.180000
44	3040.180000
73	3040.180000
53	3040.190000
76	3040.190000
41	3040.200000
48	3040.210000
6	3040.230000
33	3040.230000
96	3040.240000
0	3040.250000
74	3040.260000
95	3040.260000
79	3040.270000
94	3040.270000
77	3040.280000
21	3040.300000
22	3040.300000
4	3040.330000
32	3040.330000
20	3040.340000
89	3040.350000
88	3040.360000
1	3040.370000
35	3040.370000
43	3040.370000
26	3040.380000
61	3040.380000
12	3040.390000
46	3040.400000
49	3040.400000
85	3040.400000
75	3040.410000
62	3040.440000
2	3040.460000
7	3040.460000
54	3040.460000
66	3040.460000
55	3040.470000
81	3040.470000
19	3040.480000
29	3040.480000
64	3040.480000
99	3040.480000
25	3040.490000
28	3040.490000
18	3040.500000
42	3040.500000
65	3040.530000
23	3040.550000
5	3040.560000
34	3040.570000
40	3040.570000
90	3040.570000
15	3040.590000
31	3040.590000
45	3040.590000
93	3040.600000
98	3040.600000
59	3040.630000
38	3040.640000
78	3040.640000
8	3040.650000
16	3040.650000
91	3040.650000
13	3040.660000
83	3040.670000
30	3040.690000
36	3040.690000
9	3040.700000
67	3040.700000
84	3040.700000
69	3040.710000
10	3040.740000
3	3040.750000
72	3040.760000
58	3040.770000
63	3040.770000
68	3040.770000
82	3040.770000
50	3040.790000
57	3040.790000
56	3040.830000
60	3040.870000
51	3126.150000
71	3126.160000
24	3126.220000
86	3126.320000
52	3126.370000
27	3126.380000
97	3126.380000
39	3126.450000
11	3126.470000
87	3126.470000
14	3126.500000
92	3126.500000
80	3126.530000
37	3126.570000
70	3126.590000
47	3126.600000
17	3126.620000
44	3126.620000
73	3126.620000
53	3126.630000
76	3126.630000
41	3126.640000
48	3126.650000
6	3126.670000
33	3126.670000
0	3126.680000
96	3126.680000
74	3126.700000
95	3126.700000
79	3126.710000
94	3126.710000
77	3126.720000
22	3126.740000
21	3126.750000
4	3126.780000
32	3126.780000
20	3126.790000
89	3126.800000
1	3126.810000
88	3126.810000
35	3126.820000
43	3126.820000
26	3126.830000
61	3126.830000
12	3126.840000
46	3126.850000
49	3126.850000
75	3126.850000
85	3126.850000
62	3126.890000
54	3126.900000
2	3126.910000
7	3126.910000
66	3126.910000
81	3126.910000
19	3126.920000
55	3126.920000
29	3126.930000
64	3126.930000
99	3126.930000
25	3126.940000
28	3126.940000
42	3126.940000
18	3126.950000
65	3126.980000
23	3127.000000
5	3127.010000
34	3127.020000
40	3127.020000
90	3127.020000
15	3127.040000
31	3127.040000
45	3127.040000
93	3127.050000
98	3127.050000
59	3127.080000
38	3127.090000
78	3127.090000
8	3127.100000
16	3127.100000
91	3127.100000
13	3127.110000
83	3127.120000
30	3127.140000
36	3127.140000
9	3127.150000
67	3127.150000
84	3127.150000
69	3127.160000
10	3127.190000
3	3127.200000
72	3127.210000
58	3127.220000
63	3127.220000
68	3127.220000
82	3127.220000
50	3127.240000
57	3127.240000
56	3127.270000
60	3127.320000
51	3212.590000
71	3212.600000
24	3212.650000
86	3212.760000
52	3212.810000
27	3212.820000
97	3212.820000
39	3212.890000
11	3212.910000
87	3212.910000
14	3212.940000
92	3212.940000
80	3212.970000
37	3213.010000
70	3213.030000
47	3213.040000
17	3213.060000
44	3213.060000
73	3213.060000
53	3213.070000
76	3213.070000
41	3213.080000
48	3213.090000
6	3213.110000
33	3213.110000
0	3213.120000
96	3213.120000
74	3213.140000
95	3213.140000
79	3213.150000
94	3213.150000
77	3213.160000
22	3213.190000
21	3213.200000
4	3213.230000
32	3213.230000
20	3213.240000
1	3213.250000
89	3213.250000
88	3213.260000
35	3213.270000
43	3213.270000
26	3213.280000
61	3213.280000
12	3213.290000
46	3213.300000
49	3213.300000
75	3213.300000
85	3213.300000
62	3213.340000
54	3213.350000
2	3213.360000
7	3213.360000
19	3213.360000
66	3213.360000
81	3213.360000
55	3213.370000
29	3213.380000
64	3213.380000
99	3213.380000
25	3213.390000
28	3213.390000
42	3213.390000
18	3213.400000
65	3213.430000
23	3213.450000
5	3213.460000
34	3213.470000
40	3213.470000
90	3213.470000
15	3213.490000
31	3213.490000
45	3213.490000
93	3213.500000
98	3213.500000
59	3213.530000
38	3213.540000
78	3213.540000
8	3213.550000
16	3213.550000
91	3213.550000
13	3213.560000
83	3213.570000
30	3213.590000
36	3213.590000
9	3213.600000
67	3213.600000
84	3213.600000
69	3213.610000
10	3213.640000
3	3213.650000
72	3213.660000
58	3213.670000
63	3213.670000
68	3213.670000
82	3213.670000
50	3213.690000
57	3213.690000
56	3213.720000
60	3213.760000
51	3299.020000
71	3299.030000
24	3299.090000
86	3299.200000
52	3299.240000
27	3299.260000
97	3299.260000
39	3299.320000
87	3299.340000
11	3299.350000
14	3299.380000
92	3299.380000
80	3299.410000
37	3299.450000
70	3299.470000
47	3299.480000
17	3299.500000
44	3299.500000
73	3299.500000
53	3299.510000
76	3299.510000
41	3299.520000
48	3299.530000
0	3299.550000
6	3299.550000
33	3299.550000
96	3299.560000
74	3299.580000
95	3299.580000
79	3299.590000
94	3299.590000
77	3299.600000
22	3299.640000
21	3299.650000
4	3299.680000
32	3299.680000
1	3299.690000
20	3299.690000
89	3299.700000
88	3299.710000
35	3299.720000
43	3299.720000
26	3299.730000
61	3299.730000
12	3299.740000
85	3299.740000
46	3299.750000
49	3299.750000
75	3299.750000
62	3299.790000
54	3299.800000
2	3299.810000
7	3299.810000
19	3299.810000
66	3299.810000
81	3299.810000
55	3299.820000
29	3299.830000
64	3299.830000
99	3299.830000
25	3299.840000
28	3299.840000
42	3299.840000
18	3299.850000
65	3299.880000
23	3299.900000
5	3299.910000
34	3299.920000
40	3299.920000
90	3299.920000
15	3299.940000
31	3299.940000
45	3299.940000
93	3299.950000
98	3299.950000
59	3299.980000
38	3299.990000
78	3299.990000
8	3300.000000
16	3300.000000
91	3300.000000
13	3300.010000
83	3300.020000
30	3300.040000
36	3300.040000
9	3300.050000
67	3300.050000
84	3300.050000
69	3300.060000
10	3300.090000
3	3300.100000
72	3300.110000
58	3300.120000
63	3300.120000
68	3300.120000
82	3300.120000
50	3300.140000
57	3300.140000
56	3300.170000
60	3300.210000
51	3385.460000
71	3385.470000
24	3385.530000
86	3385.630000
52	3385.680000
97	3385.690000
27	3385.700000
39	3385.760000
87	3385.780000
11	3385.790000
14	3385.820000
92	3385.820000
80	3385.850000
37	3385.890000
70	3385.910000
47	3385.920000
17	3385.940000
44	3385.940000
73	3385.940000
53	3385.950000
76	3385.950000
41	3385.960000
48	3385.970000
0	3385.990000
6	3386.000000
33	3386.000000
96	3386.000000
95	3386.020000
74	3386.030000
79	3386.030000
94	3386.040000
77	3386.050000
22	3386.090000
21	3386.100000
1	3386.130000
4	3386.130000
32	3386.130000
20	3386.140000
89	3386.150000
88	3386.160000
35	3386.170000
43	3386.170000
26	3386.180000
61	3386.180000
85	3386.180000
12	3386.190000
46	3386.200000
49	3386.200000
75	3386.200000
62	3386.240000
54	3386.250000
2	3386.260000
7	3386.260000
19	3386.260000
66	3386.260000
81	3386.260000
55	3386.270000
25	3386.280000
29	3386.280000
64	3386.280000
99	3386.280000
28	3386.290000
42	3386.290000
18	3386.300000
65	3386.330000
23	3386.350000
5	3386.360000
34	3386.370000
40	3386.370000
90	3386.370000
15	3386.390000
31	3386.390000
45	3386.390000
93	3386.400000
98	3386.400000
59	3386.430000
38	3386.440000
78	3386.440000
8	3386.450000
16	3386.450000
91	3386.450000
13	3386.460000
83	3386.470000
30	3386.490000
36	3386.490000
9	3386.500000
67	3386.500000
84	3386.500000
69	3386.510000
10	3386.540000
3	3386.550000
72	3386.560000
58	3386.570000
63	3386.570000
68	3386.570000
82	3386.570000
50	3386.590000
57	3386.590000
56	3386.620000
60	3386.650000
51	3471.890000
71	3471.910000
24	3471.960000
86	3472.070000
52	3472.120000
97	3472.130000
27	3472.140000
39	3472.200000
87	3472.220000
11	3472.230000
14	3472.260000
92	3472.260000
80	3472.290000
37	3472.330000
70	3472.350000
47	3472.360000
17	3472.380000
44	3472.380000
73	3472.380000
53	3472.390000
76	3472.390000
41	3472.400000
48	3472.410000
0	3472.420000
6	3472.440000
33	3472.440000
96	3472.440000
79	3472.470000
95	3472.470000
74	3472.480000
94	3472.490000
77	3472.500000
21	3472.540000
22	3472.540000
1	3472.570000
4	3472.580000
32	3472.580000
20	3472.590000
88	3472.600000
89	3472.600000
26	3472.620000
35	3472.620000
43	3472.620000
85	3472.620000
61	3472.630000
12	3472.640000
46	3472.650000
49	3472.650000
75	3472.650000
62	3472.690000
54	3472.700000
2	3472.710000
7	3472.710000
19	3472.710000
66	3472.710000
81	3472.710000
55	3472.720000
25	3472.730000
29	3472.730000
64	3472.730000
99	3472.730000
28	3472.740000
42	3472.740000
18	3472.750000
65	3472.780000
23	3472.800000
5	3472.810000
34	3472.820000
40	3472.820000
90	3472.820000
15	3472.840000
31	3472.840000
45	3472.840000
93	3472.850000
98	3472.850000
59	3472.880000
38	3472.890000
78	3472.890000
8	3472.900000
16	3472.900000
91	3472.900000
13	3472.910000
83	3472.920000
30	3472.940000
36	3472.940000
9	3472.950000
67	3472.950000
84	3472.950000
69	3472.960000
10	3472.990000
3	3473.000000
72	3473.010000
58	3473.020000
63	3473.020000
68	3473.020000
82	3473.020000
50	3473.040000
57	3473.040000
56	3473.070000
60	3473.100000
51	3558.330000
71	3558.340000
24	3558.400000
86	3558.510000
52	3558.550000
27	3558.570000
97	3558.570000
39	3558.640000
87	3558.660000
11	3558.670000
14	3558.700000
92	3558.700000
80	3558.730000
37	3558.770000
70	3558.790000
47	3558.800000
17	3558.820000
44	3558.820000
73	3558.820000
53	3558.830000
76	3558.830000
41	3558.840000
48	3558.850000
0	3558.860000
6	3558.880000
96	3558.880000
33	3558.890000
79	3558.920000
95	3558.920000
74	3558.930000
94	3558.940000
77	3558.950000
21	3558.980000
22	3558.990000
1	3559.020000
4	3559.030000
32	3559.030000
20	3559.040000
88	3559.040000
89	3559.050000
26	3559.060000
35	3559.070000
43	3559.070000
85	3559.070000
61	3559.080000
12	3559.090000
46	3559.100000
49	3559.100000
75	3559.100000
62	3559.140000
54	3559.150000
2	3559.160000
7	3559.160000
19	3559.160000
66	3559.160000
81	3559.160000
55	3559.170000
25	3559.180000
29	3559.180000
64	3559.180000
99	3559.180000
28	3559.190000
42	3559.190000
18	3559.200000
65	3559.230000
23	3559.250000
5	3559.260000
34	3559.270000
40	3559.270000
90	3559.270000
15	3559.290000
31	3559.290000
45	3559.290000
93	3559.300000
98	3559.300000
59	3559.330000
38	3559.340000
78	3559.340000
8	3559.350000
16	3559.350000
91	3559.350000
13	3559.360000
83	3559.370000
30	3559.390000
36	3559.390000
9	3559.400000
67	3559.400000
84	3559.400000
69	3559.410000
10	3559.440000
3	3559.450000
72	3559.460000
58	3559.470000
63	3559.470000
68	3559.470000
82	3559.470000
50	3559.490000
57	3559.490000
56	3559.520000
60	3559.550000
51	3644.760000
71	3644.780000
24	3644.830000
86	3644.940000
52	3644.990000
27	3645.010000
97	3645.010000
39	3645.080000
87	3645.100000
11	3645.110000
14	3645.140000
92	3645.140000
80	3645.170000
37	3645.210000
70	3645.230000
47	3645.240000
17	3645.260000
44	3645.260000
73	3645.260000
53	3645.270000
76	3645.270000
41	3645.280000
0	3645.290000
48	3645.290000
6	3645.320000
96	3645.320000
33	3645.340000
79	3645.370000
95	3645.370000
74	3645.380000
94	3645.390000
77	3645.400000
21	3645.430000
22	3645.440000
1	3645.470000
4	3645.470000
20	3645.480000
32	3645.480000
88	3645.490000
89	3645.490000
26	3645.510000
35	3645.520000
43	3645.520000
85	3645.520000
61	3645.530000
12	3645.540000
46	3645.550000
49	3645.550000
75	3645.550000
62	3645.590000
54	3645.600000
2	3645.610000
7	3645.610000
19	3645.610000
66	3645.610000
81	3645.610000
55	3645.620000
25	3645.630000
29	3645.630000
64	3645.630000
99	3645.630000
28	3645.640000
42	3645.640000
18	3645.650000
65	3645.680000
23	3645.700000
5	3645.710000
34	3645.720000
40	3645.720000
90	3645.720000
15	3645.740000
31	3645.740000
45	3645.740000
93	3645.750000
98	3645.760000
59	3645.780000
38	3645.790000
78	3645.790000
8	3645.800000
16	3645.800000
91	3645.800000
13	3645.810000
83	3645.820000
30	3645.840000
36	3645.840000
9	3645.850000
67	3645.850000
84	3645.850000
69	3645.860000
10	3645.890000
3	3645.900000
72	3645.910000
58	3645.920000
63	3645.920000
68	3645.920000
82	3645.920000
50	3645.940000
57	3645.940000
56	3645.970000
60	3646.000000
51	3731.200000
71	3731.210000
24	3731.270000
86	3731.380000
52	3731.430000
27	3731.450000
97	3731.450000
39	3731.520000
87	3731.540000
11	3731.550000
14	3731.580000
92	3731.580000
80	3731.610000
37	3731.650000
70	3731.670000
47	3731.680000
17	3731.700000
44	3731.700000
73	3731.700000
53	3731.710000
76	3731.710000
41	3731.720000
0	3731.730000
48	3731.730000
6	3731.760000
96	3731.770000
33	3731.790000
79	3731.820000
95	3731.820000
74	3731.830000
94	3731.840000
77	3731.850000
21	3731.880000
22	3731.880000
1	3731.920000
4	3731.920000
20	3731.920000
32	3731.930000
89	3731.930000
88	3731.940000
26	3731.960000
35	3731.970000
43	3731.970000
85	3731.970000
61	3731.980000
12	3731.990000
46	3732.000000
49	3732.000000
75	3732.000000
62	3732.040000
54	3732.050000
2	3732.060000
7	3732.060000
19	3732.060000
66	3732.060000
81	3732.060000
55	3732.070000
25	3732.080000
29	3732.080000
64	3732.080000
99	3732.080000
28	3732.090000
42	3732.090000
18	3732.100000
65	3732.130000
23	3732.150000
5	3732.160000
34	3732.170000
40	3732.170000
90	3732.170000
15	3732.190000
45	3732.190000
31	3732.200000
93	3732.200000
98	3732.210000
59	3732.230000
38	3732.240000
78	3732.240000
8	3732.250000
16	3732.250000
91	3732.250000
13	3732.270000
83	3732.270000
36	3732.290000
30	3732.300000
84	3732.300000
9	3732.310000
67	3732.310000
69	3732.320000
10	3732.340000
3	3732.350000
72	3732.360000
58	3732.370000
63	3732.370000
68	3732.370000
82	3732.370000
50	3732.390000
57	3732.390000
56	3732.420000
60	3732.450000
51	3817.630000
71	3817.650000
24	3817.710000
86	3817.820000
52	3817.870000
97	3817.880000
27	3817.890000
39	3817.960000
87	3817.980000
11	3817.990000
14	3818.020000
92	3818.020000
80	3818.050000
37	3818.090000
70	3818.110000
47	3818.120000
17	3818.140000
44	3818.140000
73	3818.140000
53	3818.150000
76	3818.150000
0	3818.160000
41	3818.160000
48	3818.180000
6	3818.210000
96	3818.220000
33	3818.230000
79	3818.270000
95	3818.270000
74	3818.280000
94	3818.280000
77	3818.300000
21	3818.320000
22	3818.330000
1	3818.370000
4	3818.370000
20	3818.370000
32	3818.370000
89	3818.380000
88	3818.390000
26	3818.410000
35	3818.420000
43	3818.420000
85	3818.420000
61	3818.430000
12	3818.440000
46	3818.450000
49	3818.450000
75	3818.450000
62	3818.490000
54	3818.500000
2	3818.510000
7	3818.510000
19	3818.510000
66	3818.510000
81	3818.510000
55	3818.520000
25	3818.530000
29	3818.530000
64	3818.530000
99	3818.530000
28	3818.540000
42	3818.540000
18	3818.550000
65	3818.580000
23	3818.600000
5	3818.610000
34	3818.620000
40	3818.620000
90	3818.620000
15	3818.640000
31	3818.650000
45	3818.650000
93	3818.650000
98	3818.660000
59	3818.680000
38	3818.690000
78	3818.690000
8	3818.700000
16	3818.700000
91	3818.700000
83	3818.720000
13	3818.730000
36	3818.740000
30	3818.760000
84	3818.760000
9	3818.770000
67	3818.770000
69	3818.770000
10	3818.790000
3	3818.800000
72	3818.810000
58	3818.820000
63	3818.820000
68	3818.820000
82	3818.820000
50	3818.840000
57	3818.840000
56	3818.870000
60	3818.900000
51	3904.070000
71	3904.090000
24	3904.140000
86	3904.250000
52	3904.300000
97	3904.320000
27	3904.330000
39	3904.400000
87	3904.420000
11	3904.430000
14	3904.460000
92	3904.460000
80	3904.490000
37	3904.530000
70	3904.550000
47	3904.560000
17	3904.580000
44	3904.580000
73	3904.580000
53	3904.590000
76	3904.590000
0	3904.600000
41	3904.610000
48	3904.630000
6	3904.660000
33	3904.670000
96	3904.670000
79	3904.720000
95	3904.720000
74	3904.730000
94	3904.730000
77	3904.750000
21	3904.770000
22	3904.780000
1	3904.820000
4	3904.820000
20	3904.820000
32	3904.820000
89	3904.830000
88	3904.840000
26	3904.860000
35	3904.870000
43	3904.870000
85	3904.870000
61	3904.880000
12	3904.890000
46	3904.900000
49	3904.900000
75	3904.900000
62	3904.940000
54	3904.950000
2	3904.960000
7	3904.960000
19	3904.960000
66	3904.960000
81	3904.960000
55	3904.970000
25	3904.980000
29	3904.980000
64	3904.980000
99	3904.980000
28	3904.990000
42	3904.990000
18	3905.000000
65	3905.030000
23	3905.050000
5	3905.060000
34	3905.070000
40	3905.070000
90	3905.070000
15	3905.090000
31	3905.100000
45	3905.100000
93	3905.100000
98	3905.110000
59	3905.130000
38	3905.140000
78	3905.140000
8	3905.150000
16	3905.150000
91	3905.150000
83	3905.170000
13	3905.190000
36	3905.200000
30	3905.210000
67	3905.220000
69	3905.220000
84	3905.220000
9	3905.230000
10	3905.240000
3	3905.250000
72	3905.260000
58	3905.270000
63	3905.270000
68	3905.270000
82	3905.270000
50	3905.290000
57	3905.290000
56	3905.320000
60	3905.350000
51	3990.500000
71	3990.520000
24	3990.580000
86	3990.690000
52	3990.740000
97	3990.760000
27	3990.770000
39	3990.840000
87	3990.860000
11	3990.870000
14	3990.900000
92	3990.900000
80	3990.930000
37	3990.970000
70	3990.990000
47	3991.000000
17	3991.020000
44	3991.020000
73	3991.020000
0	3991.030000
53	3991.030000
76	3991.030000
41	3991.060000
48	3991.080000
6	3991.110000
33	3991.120000
96	3991.120000
79	3991.160000
95	3991.170000
74	3991.180000
94	3991.180000
77	3991.200000
21	3991.220000
22	3991.230000
4	3991.260000
1	3991.270000
20	3991.270000
32	3991.270000
89	3991.280000
88	3991.290000
26	3991.310000
35	3991.320000
43	3991.320000
85	3991.320000
61	3991.330000
12	3991.340000
46	3991.350000
49	3991.350000
75	3991.350000
62	3991.390000
54	3991.400000
2	3991.410000
7	3991.410000
19	3991.410000
66	3991.410000
81	3991.410000
55	3991.420000
25	3991.430000
29	3991.430000
64	3991.430000
99	3991.430000
28	3991.440000
42	3991.440000
18	3991.450000
65	3991.480000
23	3991.500000
5	3991.520000
34	3991.520000
40	3991.520000
90	3991.520000
15	3991.540000
31	3991.560000
45	3991.560000
93	3991.560000
98	3991.570000
59	3991.580000
38	3991.590000
8	3991.600000
16	3991.600000
78	3991.600000
91	3991.600000
83	3991.620000
13	3991.650000
30	3991.660000
36	3991.660000
67	3991.670000
69	3991.680000
84	3991.680000
9	3991.690000
10	3991.690000
3	3991.710000
58	3991.720000
63	3991.720000
68	3991.720000
72	3991.720000
82	3991.720000
50	3991.740000
57	3991.740000
56	3991.770000
60	3991.800000
51	4076.940000
71	4076.960000
24	4077.020000
86	4077.130000
52	4077.180000
97	4077.200000
27	4077.210000
39	4077.280000
87	4077.300000
11	4077.310000
14	4077.340000
92	4077.340000
80	4077.370000
37	4077.410000
70	4077.430000
47	4077.440000
17	4077.460000
44	4077.460000
73	4077.460000
0	4077.470000
76	4077.470000
53	4077.480000
41	4077.510000
48	4077.520000
6	4077.560000
33	4077.570000
96	4077.570000
79	4077.610000
74	4077.620000
94	4077.620000
95	4077.620000
77	4077.640000
21	4077.670000
22	4077.670000
4	4077.710000
1	4077.720000
20	4077.720000
32	4077.720000
89	4077.730000
88	4077.740000
26	4077.760000
35	4077.770000
43	4077.770000
85	4077.770000
61	4077.780000
12	4077.790000
46	4077.800000
49	4077.800000
75	4077.800000
62	4077.840000
54	4077.850000
2	4077.860000
7	4077.860000
19	4077.860000
66	4077.860000
81	4077.860000
55	4077.870000
25	4077.880000
29	4077.880000
64	4077.880000
99	4077.880000
28	4077.890000
42	4077.890000
18	4077.900000
65	4077.930000
23	4077.950000
5	4077.970000
34	4077.970000
40	4077.970000
90	4077.970000
15	4077.990000
31	4078.010000
45	4078.010000
93	4078.010000
98	4078.020000
59	4078.030000
38	4078.040000
8	4078.050000
16	4078.050000
78	4078.050000
91	4078.050000
83	4078.080000
13	4078.100000
30	4078.110000
36	4078.110000
67	4078.120000
69	4078.130000
84	4078.130000
9	4078.140000
10	4078.150000
3	4078.160000
58	4078.170000
63	4078.170000
68	4078.170000
72	4078.170000
82	4078.170000
50	4078.190000
57	4078.190000
56	4078.220000
60	4078.250000
51	4163.370000
71	4163.390000
24	4163.450000
86	4163.560000
52	4163.620000
97	4163.630000
27	4163.640000
39	4163.720000
87	4163.740000
11	4163.750000
14	4163.780000
92	4163.780000
80	4163.810000
37	4163.850000
70	4163.870000
47	4163.880000
0	4163.900000
17	4163.900000
44	4163.900000
73	4163.900000
76	4163.920000
53	4163.930000
41	4163.960000
48	4163.970000
6	4164.000000
33	4164.010000
96	4164.010000
79	4164.060000
95	4164.060000
74	4164.070000
94	4164.070000
77	4164.090000
21	4164.120000
22	4164.120000
4	4164.160000
1	4164.170000
20	4164.170000
32	4164.170000
89	4164.180000
88	4164.190000
26	4164.210000
35	4164.220000
43	4164.220000
85	4164.220000
61	4164.230000
12	4164.240000
46	4164.250000
49	4164.250000
75	4164.250000
62	4164.290000
54	4164.300000
2	4164.310000
7	4164.310000
19	4164.310000
66	4164.310000
81	4164.310000
55	4164.320000
25	4164.330000
29	4164.330000
64	4164.330000
99	4164.330000
28	4164.340000
42	4164.340000
18	4164.350000
65	4164.390000
23	4164.410000
40	4164.420000
5	4164.430000
34	4164.430000
90	4164.430000
15	4164.450000
45	4164.460000
31	4164.470000
93	4164.470000
98	4164.480000
38	4164.490000
59	4164.490000
16	4164.500000
8	4164.510000
78	4164.510000
91	4164.510000
83	4164.540000
13	4164.550000
36	4164.560000
30	4164.570000
67	4164.570000
69	4164.580000
84	4164.580000
9	4164.590000
10	4164.610000
3	4164.620000
58	4164.620000
68	4164.620000
72	4164.620000
63	4164.630000
82	4164.630000
50	4164.640000
57	4164.640000
56	4164.670000
60	4164.700000
51	4249.810000
71	4249.830000
24	4249.890000
86	4250.000000
52	4250.050000
97	4250.070000
27	4250.080000
39	4250.160000
87	4250.180000
11	4250.190000
14	4250.220000
92	4250.220000
80	4250.250000
37	4250.290000
70	4250.310000
47	4250.320000
0	4250.340000
17	4250.340000
44	4250.340000
73	4250.340000
76	4250.360000
53	4250.380000
41	4250.410000
48	4250.410000
6	4250.450000
33	4250.460000
96	4250.460000
79	4250.510000
95	4250.510000
74	4250.520000
94	4250.520000
77	4250.540000
21	4250.570000
22	4250.570000
4	4250.610000
1	4250.620000
20	4250.620000
32	4250.620000
89	4250.630000
88	4250.640000
26	4250.660000
35	4250.670000
43	4250.670000
85	4250.670000
61	4250.680000
12	4250.690000
46	4250.700000
49	4250.700000
75	4250.700000
62	4250.740000
54	4250.750000
2	4250.760000
7	4250.760000
19	4250.760000
66	4250.760000
81	4250.760000
55	4250.770000
25	4250.780000
29	4250.780000
64	4250.780000
99	4250.780000
28	4250.790000
42	4250.790000
18	4250.800000
65	4250.850000
23	4250.870000
40	4250.870000
5	4250.880000
34	4250.880000
90	4250.880000
15	4250.900000
45	4250.910000
31	4250.920000
93	4250.920000
98	4250.930000
38	4250.940000
59	4250.940000
16	4250.950000
8	4250.960000
78	4250.960000
91	4250.960000
83	4250.990000
13	4251.000000
36	4251.010000
30	4251.020000
67	4251.020000
69	4251.030000
84	4251.030000
9	4251.040000
10	4251.060000
3	4251.070000
58	4251.070000
68	4251.070000
72	4251.070000
63	4251.080000
82	4251.080000
50	4251.090000
57	4251.090000
56	4251.120000
60	4251.150000
51	4336.240000
71	4336.270000
24	4336.320000
86	4336.440000
52	4336.490000
97	4336.510000
27	4336.520000
39	4336.600000
87	4336.620000
11	4336.630000
14	4336.660000
92	4336.660000
80	4336.690000
37	4336.730000
70	4336.750000
47	4336.760000
0	4336.770000
17	4336.780000
44	4336.780000
73	4336.780000
76	4336.800000
53	4336.830000
41	4336.850000
48	4336.850000
6	4336.900000
33	4336.910000
96	4336.910000
79	4336.960000
95	4336.960000
74	4336.970000
94	4336.970000
77	4336.990000
21	4337.010000
22	4337.020000
4	4337.060000
1	4337.070000
20	4337.070000
32	4337.070000
89	4337.080000
88	4337.090000
26	4337.110000
43	4337.110000
35	4337.120000
85	4337.120000
61	4337.130000
12	4337.140000
46	4337.150000
49	4337.150000
75	4337.150000
62	4337.190000
54	4337.200000
2	4337.210000
7	4337.210000
19	4337.210000
66	4337.210000
81	4337.210000
55	4337.220000
25	4337.230000
29	4337.230000
64	4337.230000
99	4337.230000
28	4337.240000
42	4337.240000
18	4337.250000
65	4337.300000
23	4337.320000
40	4337.320000
5	4337.340000
34	4337.340000
90	4337.340000
15	4337.360000
45	4337.370000
31	4337.380000
93	4337.380000
59	4337.390000
98	4337.390000
38	4337.400000
16	4337.410000
8	4337.420000
78	4337.420000
91	4337.420000
83	4337.440000
13	4337.450000
30	4337.470000
36	4337.470000
67	4337.480000
69	4337.480000
84	4337.480000
9	4337.490000
10	4337.510000
3	4337.520000
68	4337.520000
72	4337.520000
58	4337.530000
63	4337.530000
82	4337.530000
50	4337.540000
57	4337.540000
56	4337.570000
60	4337.600000
51	4422.680000
71	4422.700000
24	4422.760000
86	4422.880000
52	4422.930000
97	4422.950000
27	4422.960000
39	4423.040000
87	4423.060000
11	4423.070000
14	4423.100000
92	4423.100000
80	4423.130000
37	4423.170000
70	4423.190000
47	4423.200000
0	4423.210000
44	4423.220000
73	4423.220000
17	4423.230000
76	4423.250000
53	4423.280000
41	4423.300000
48	4423.300000
6	4423.350000
33	4423.360000
96	4423.360000
79	4423.410000
94	4423.410000
95	4423.410000
74	4423.420000
77	4423.440000
21	4423.460000
22	4423.470000
4	4423.510000
1	4423.520000
20	4423.520000
32	4423.520000
89	4423.530000
88	4423.540000
26	4423.560000
43	4423.560000
35	4423.570000
85	4423.570000
61	4423.580000
12	4423.590000
46	4423.600000
49	4423.600000
75	4423.600000
62	4423.640000
54	4423.650000
2	4423.660000
7	4423.660000
19	4423.660000
66	4423.660000
81	4423.660000
55	4423.670000
25	4423.680000
29	4423.680000
64	4423.680000
99	4423.680000
28	4423.690000
42	4423.690000
18	4423.700000
65	4423.750000
23	4423.770000
40	4423.770000
5	4423.790000
34	4423.790000
90	4423.790000
15	4423.810000
45	4423.820000
31	4423.830000
93	4423.830000
59	4423.840000
98	4423.840000
38	4423.850000
16	4423.860000
8	4423.870000
78	4423.870000
91	4423.870000
13	4423.900000
83	4423.900000
30	4423.920000
36	4423.920000
67	4423.930000
9	4423.940000
69	4423.940000
84	4423.940000
3	4423.970000
10	4423.970000
68	4423.970000
58	4423.980000
72	4423.980000
82	4423.980000
50	4423.990000
57	4423.990000
63	4423.990000
56	4424.020000
60	4424.050000
51	4509.110000
71	4509.140000
24	4509.200000
86	4509.310000
52	4509.370000
97	4509.390000
27	4509.400000
39	4509.480000
87	4509.500000
11	4509.510000
14	4509.540000
92	4509.540000
80	4509.570000
37	4509.610000
70	4509.630000
0	4509.640000
47	4509.640000
44	4509.660000
73	4509.660000
17	4509.670000
76	4509.700000
53	4509.720000
41	4509.740000
48	4509.750000
6	4509.790000
33	4509.800000
96	4509.800000
79	4509.850000
95	4509.850000
74	4509.860000
94	4509.860000
77	4509.880000
21	4509.910000
22	4509.920000
4	4509.950000
1	4509.970000
20	4509.970000
32	4509.970000
88	4509.980000
89	4509.980000
26	4510.010000
43	4510.010000
35	4510.020000
85	4510.020000
61	4510.030000
12	4510.040000
46	4510.050000
49	4510.050000
75	4510.050000
62	4510.090000
54	4510.100000
2	4510.110000
7	4510.110000
19	4510.110000
66	4510.110000
81	4510.110000
55	4510.120000
25	4510.130000
29	4510.130000
64	4510.130000
99	4510.130000
28	4510.140000
42	4510.140000
18	4510.150000
65	4510.210000
40	4510.220000
23	4510.230000
5	4510.240000
34	4510.240000
90	4510.240000
15	4510.260000
45	4510.270000
31	4510.280000
93	4510.280000
59	4510.290000
98	4510.290000
38	4510.300000
16	4510.310000
8	4510.320000
78	4510.320000
91	4510.320000
13	4510.350000
83	4510.360000
30	4510.370000
36	4510.370000
67	4510.380000
9	4510.390000
69	4510.400000
84	4510.400000
3	4510.420000
68	4510.420000
10	4510.430000
58	4510.430000
82	4510.430000
50	4510.440000
72	4510.440000
57	4510.450000
63	4510.450000
56	4510.470000
60	4510.500000
51	4595.550000
71	4595.580000
24	4595.630000
86	4595.750000
52	4595.810000
97	4595.830000
27	4595.840000
39	4595.920000
87	4595.940000
11	4595.950000
14	4595.980000
92	4595.980000
80	4596.010000
37	4596.050000
70	4596.070000
0	4596.080000
47	4596.090000
44	4596.110000
73	4596.110000
17	4596.120000
76	4596.150000
53	4596.170000
41	4596.190000
48	4596.200000
6	4596.240000
33	4596.250000
96	4596.250000
79	4596.300000
95	4596.300000
74	4596.310000
94	4596.310000
77	4596.330000
21	4596.360000
22	4596.370000
4	4596.400000
1	4596.420000
20	4596.420000
32	4596.420000
88	4596.430000
89	4596.430000
26	4596.460000
43	4596.460000
35	4596.470000
85	4596.470000
61	4596.480000
12	4596.490000
46	4596.500000
49	4596.500000
75	4596.500000
62	4596.540000
54	4596.550000
2	4596.560000
7	4596.560000
19	4596.560000
66	4596.560000
81	4596.560000
55	4596.570000
25	4596.580000
29	4596.580000
28	4596.590000
42	4596.590000
64	4596.590000
99	4596.590000
18	4596.600000
65	4596.670000
40	4596.680000
23	4596.690000
90	4596.690000
5	4596.700000
34	4596.700000
15	4596.720000
31	4596.730000
45	4596.730000
93	4596.730000
59	4596.740000
98	4596.740000
38	4596.750000
16	4596.760000
8	4596.770000
78	4596.770000
91	4596.770000
13	4596.800000
30	4596.820000
36	4596.820000
83	4596.820000
67	4596.830000
9	4596.840000
69	4596.860000
84	4596.860000
3	4596.870000
10	4596.880000
58	4596.880000
68	4596.880000
82	4596.880000
50	4596.890000
63	4596.900000
72	4596.900000
57	4596.910000
56	4596.920000
60	4596.950000
51	4681.980000
71	4682.010000
24	4682.070000
86	4682.190000
52	4682.240000
97	4682.270000
27	4682.280000
39	4682.360000
87	4682.380000
11	4682.390000
14	4682.420000
92	4682.420000
80	4682.450000
37	4682.490000
0	4682.510000
70	4682.510000
47	4682.530000
44	4682.550000
73	4682.550000
17	4682.560000
76	4682.590000
53	4682.610000
41	4682.630000
48	4682.640000
6	4682.680000
33	4682.690000
96	4682.690000
79	4682.740000
95	4682.740000
94	4682.750000
74	4682.760000
77	4682.780000
21	4682.810000
22	4682.820000
4	4682.850000
1	4682.870000
20	4682.870000
32	4682.870000
88	4682.880000
89	4682.880000
26	4682.910000
43	4682.910000
35	4682.920000
85	4682.920000
61	4682.930000
12	4682.940000
46	4682.950000
49	4682.950000
75	4682.950000
62	4682.990000
54	4683.000000
2	4683.010000
7	4683.010000
19	4683.010000
66	4683.010000
81	4683.010000
55	4683.020000
25	4683.030000
29	4683.030000
28	4683.040000
42	4683.040000
64	4683.040000
18	4683.050000
99	4683.050000
65	4683.120000
40	4683.130000
23	4683.140000
90	4683.140000
5	4683.150000
34	4683.150000
15	4683.170000
31	4683.180000
45	4683.180000
59	4683.190000
93	4683.190000
98	4683.190000
38	4683.200000
16	4683.210000
8	4683.220000
78	4683.220000
91	4683.220000
13	4683.250000
30	4683.270000
36	4683.270000
83	4683.270000
67	4683.280000
9	4683.290000
69	4683.310000
84	4683.310000
3	4683.320000
10	4683.330000
58	4683.330000
82	4683.330000
50	4683.340000
68	4683.340000
63	4683.350000
72	4683.350000
57	4683.360000
56	4683.370000
60	4683.400000
51	4768.420000
71	4768.450000
24	4768.510000
86	4768.620000
52	4768.680000
97	4768.710000
27	4768.720000
39	4768.800000
87	4768.820000
11	4768.830000
14	4768.860000
92	4768.860000
80	4768.890000
37	4768.930000
0	4768.950000
70	4768.960000
47	4768.980000
44	4769.000000
73	4769.000000
17	4769.010000
76	4769.040000
53	4769.060000
41	4769.080000
48	4769.090000
6	4769.130000
33	4769.140000
96	4769.140000
79	4769.190000
95	4769.190000
94	4769.200000
74	4769.210000
77	4769.230000
21	4769.260000
22	4769.270000
4	4769.300000
1	4769.320000
20	4769.320000
32	4769.320000
88	4769.330000
89	4769.330000
26	4769.360000
43	4769.360000
35	4769.370000
85	4769.370000
61	4769.380000
12	4769.390000
46	4769.400000
49	4769.400000
75	4769.400000
62	4769.440000
54	4769.450000
2	4769.460000
7	4769.460000
19	4769.460000
66	4769.460000
81	4769.460000
55	4769.470000
25	4769.480000
29	4769.480000
28	4769.490000
42	4769.490000
64	4769.490000
18	4769.510000
99	4769.510000
65	4769.570000
23	4769.590000
40	4769.590000
90	4769.600000
5	4769.610000
34	4769.610000
15	4769.630000
31	4769.640000
45	4769.640000
59	4769.650000
93	4769.650000
98	4769.650000
38	4769.660000
16	4769.670000
8	4769.680000
78	4769.680000
91	4769.680000
13	4769.710000
83	4769.720000
30	4769.730000
36	4769.730000
9	4769.740000
67	4769.740000
69	4769.760000
84	4769.760000
3	4769.780000
10	4769.780000
58	4769.780000
82	4769.780000
50	4769.800000
63	4769.800000
68	4769.800000
72	4769.800000
57	4769.810000
56	4769.820000
60	4769.850000
51	4854.850000
71	4854.880000
24	4854.940000
86	4855.060000
52	4855.120000
97	4855.150000
27	4855.160000
39	4855.240000
87	4855.260000
11	4855.270000
14	4855.300000
92	4855.300000
80	4855.330000
37	4855.370000
0	4855.380000
70	4855.400000
47	4855.420000
44	4855.440000
73	4855.440000
17	4855.450000
76	4855.480000
53	4855.500000
41	4855.520000
48	4855.530000
6	4855.570000
33	4855.580000
96	4855.580000
79	4855.640000
95	4855.640000
94	4855.650000
74	4855.660000
77	4855.680000
21	4855.700000
22	4855.720000
4	4855.750000
1	4855.770000
20	4855.770000
32	4855.770000
88	4855.780000
89	4855.780000
26	4855.810000
43	4855.810000
35	4855.820000
85	4855.820000
61	4855.830000
12	4855.840000
46	4855.850000
49	4855.850000
75	4855.850000
62	4855.890000
54	4855.900000
2	4855.910000
7	4855.910000
19	4855.910000
66	4855.910000
81	4855.910000
55	4855.920000
25	4855.930000
29	4855.930000
28	4855.940000
42	4855.940000
64	4855.940000
18	4855.960000
99	4855.960000
65	4856.020000
23	4856.040000
40	4856.040000
90	4856.050000
5	4856.060000
34	4856.060000
15	4856.080000
31	4856.090000
45	4856.090000
59	4856.100000
93	4856.100000
98	4856.100000
38	4856.110000
16	4856.120000
8	4856.130000
78	4856.130000
91	4856.130000
13	4856.160000
83	4856.170000
30	4856.180000
36	4856.180000
9	4856.190000
67	4856.190000
69	4856.210000
84	4856.210000
3	4856.230000
10	4856.230000
58	4856.230000
82	4856.230000
50	4856.250000
63	4856.250000
68	4856.250000
72	4856.250000
57	4856.260000
56	4856.270000
60	4856.300000
51	4941.290000
71	4941.320000
24	4941.380000
86	4941.500000
52	4941.560000
97	4941.590000
27	4941.600000
39	4941.680000
87	4941.700000
11	4941.710000
14	4941.740000
92	4941.740000
80	4941.770000
0	4941.820000
37	4941.820000
70	4941.840000
47	4941.870000
44	4941.890000
73	4941.890000
17	4941.900000
76	4941.930000
53	4941.950000
41	4941.970000
48	4941.980000
6	4942.020000
33	4942.030000
96	4942.030000
79	4942.090000
95	4942.090000
94	4942.100000
74	4942.110000
77	4942.130000
21	4942.150000
22	4942.170000
4	4942.200000
1	4942.220000
20	4942.220000
32	4942.220000
88	4942.230000
89	4942.230000
26	4942.260000
43	4942.260000
35	4942.270000
85	4942.270000
61	4942.280000
12	4942.290000
46	4942.300000
49	4942.300000
75	4942.300000
62	4942.340000
54	4942.350000
19	4942.360000
81	4942.360000
2	4942.370000
7	4942.370000
66	4942.370000
55	4942.380000
25	4942.390000
29	4942.390000
28	4942.400000
42	4942.400000
64	4942.400000
99	4942.410000
18	4942.420000
65	4942.480000
23	4942.490000
40	4942.490000
5	4942.510000
90	4942.510000
34	4942.520000
15	4942.530000
31	4942.550000
45	4942.550000
59	4942.560000
93	4942.560000
98	4942.560000
38	4942.570000
16	4942.580000
8	4942.590000
78	4942.590000
91	4942.590000
13	4942.610000
83	4942.620000
30	4942.630000
36	4942.630000
67	4942.640000
9	4942.650000
69	4942.660000
84	4942.660000
3	4942.680000
10	4942.680000
58	4942.680000
82	4942.680000
50	4942.700000
63	4942.700000
68	4942.700000
72	4942.700000
57	4942.710000
56	4942.720000
60	4942.750000
