300.000000	0.000000	0.016523	0.002721	0.999995	3.118536	0.999996	0.000996
300.000000	0.010000	0.006280	0.006408	0.999980	3.119974	0.999983	0.000338
300.000000	0.020000	0.006319	0.006448	0.999976	3.119981	0.999979	0.000341
300.000000	0.030000	0.006352	0.006476	0.999974	3.119985	0.999975	0.000343
300.000000	0.040000	0.006310	0.006454	0.999970	3.120002	0.999971	0.000340
300.000000	0.050000	0.006298	0.006459	0.999966	3.120017	0.999969	0.000340
300.000000	0.060000	0.006231	0.006396	0.999963	3.120031	0.999966	0.000335
300.000000	0.070000	0.006243	0.006398	0.999962	3.120036	0.999964	0.000336
300.000000	0.080000	0.006179	0.006363	0.999959	3.120048	0.999961	0.000332
300.000000	0.090000	0.006182	0.006340	0.999956	3.120058	0.999958	0.000332
300.000000	0.100000	0.006045	0.006237	0.999946	3.120097	0.999950	0.000323
300.000000	0.110000	0.006015	0.006246	0.999946	3.120095	0.999951	0.000321
300.000000	0.120000	0.005953	0.006209	0.999941	3.120105	0.999949	0.000317
300.000000	0.130000	0.005823	0.006128	0.999929	3.120141	0.999933	0.000309
300.000000	0.140000	0.005891	0.006145	0.999937	3.120126	0.999941	0.000314
300.000000	0.150000	0.005767	0.006066	0.999926	3.120153	0.999932	0.000306
300.000000	0.160000	0.005646	0.005949	0.999906	3.120195	0.999914	0.000298
300.000000	0.170000	0.005766	0.006061	0.999921	3.120164	0.999924	0.000306
300.000000	0.180000	0.005537	0.005934	0.999899	3.120209	0.999905	0.000291
300.000000	0.190000	0.005497	0.005899	0.999895	3.120215	0.999900	0.000288
300.000000	0.200000	0.005608	0.005935	0.999902	3.120206	0.999911	0.000295
300.000000	0.210000	0.005542	0.005885	0.999896	3.120216	0.999905	0.000291
300.000000	0.220000	0.005475	0.005887	0.999889	3.120224	0.999900	0.000287
300.000000	0.230000	0.005236	0.005729	0.999856	3.120278	0.999864	0.000272
300.000000	0.240000	0.005070	0.005585	0.999825	3.120323	0.999834	0.000261
300.000000	0.250000	0.005110	0.005649	0.999835	3.120308	0.999847	0.000263
300.000000	0.260000	0.005100	0.005632	0.999833	3.120311	0.999851	0.000263
300.000000	0.270000	0.005279	0.005721	0.999859	3.120280	0.999870	0.000274
300.000000	0.280000	0.005010	0.005587	0.999818	3.120327	0.999837	0.000257
300.000000	0.290000	0.004700	0.005359	0.999751	3.120400	0.999769	0.000237
300.000000	0.300000	0.004911	0.005514	0.999806	3.120347	0.999823	0.000251
300.000000	0.310000	0.004724	0.005361	0.999772	3.120392	0.999793	0.000239
300.000000	0.320000	0.004961	0.005527	0.999798	3.120345	0.999811	0.000254
300.000000	0.330000	0.004930	0.005510	0.999809	3.120348	0.999822	0.000252
300.000000	0.340000	0.004793	0.005461	0.999767	3.120379	0.999797	0.000243
300.000000	0.350000	0.004785	0.005439	0.999773	3.120375	0.999789	0.000243
300.000000	0.360000	0.004747	0.005411	0.999749	3.120391	0.999764	0.000240
300.000000	0.370000	0.004475	0.005246	0.999690	3.120450	0.999710	0.000223
300.000000	0.380000	0.004485	0.005238	0.999673	3.120450	0.999700	0.000223
300.000000	0.390000	0.004608	0.005309	0.999727	3.120411	0.999752	0.000231
300.000000	0.400000	0.004515	0.005249	0.999705	3.120434	0.999723	0.000225
300.000000	0.410000	0.004279	0.005115	0.999627	3.120487	0.999673	0.000210
300.000000	0.420000	0.004645	0.005346	0.999730	3.120413	0.999758	0.000234
300.000000	0.430000	0.004197	0.005049	0.999604	3.120508	0.999621	0.000205
300.000000	0.440000	0.004296	0.005121	0.999629	3.120486	0.999656	0.000211
300.000000	0.450000	0.004062	0.004969	0.999533	3.120539	0.999557	0.000196
300.000000	0.460000	0.004149	0.005054	0.999551	3.120522	0.999587	0.000202
300.000000	0.470000	0.004187	0.005063	0.999564	3.120507	0.999596	0.000204
300.000000	0.480000	0.004173	0.005039	0.999574	3.120517	0.999601	0.000203
300.000000	0.490000	0.004274	0.005105	0.999601	3.120494	0.999637	0.000210
300.000000	0.500000	0.004172	0.005022	0.999566	3.120511	0.999609	0.000203
300.000000	0.510000	0.003764	0.004755	0.999394	3.120603	0.999427	0.000177
300.000000	0.520000	0.004055	0.004962	0.999522	3.120537	0.999551	0.000196
300.000000	0.530000	0.004157	0.005019	0.999566	3.120522	0.999596	0.000202
300.000000	0.540000	0.004023	0.004926	0.999515	3.120547	0.999572	0.000194
300.000000	0.550000	0.004054	0.004986	0.999488	3.120543	0.999540	0.000196
300.000000	0.560000	0.004160	0.005042	0.999572	3.120515	0.999614	0.000203
300.000000	0.570000	0.003927	0.004872	0.999470	3.120569	0.999552	0.000188
300.000000	0.580000	0.004009	0.004952	0.999485	3.120552	0.999543	0.000193
300.000000	0.590000	0.003769	0.004782	0.999376	3.120606	0.999418	0.000177
300.000000	0.600000	0.003669	0.004678	0.999350	3.120625	0.999405	0.000171
300.000000	0.610000	0.003648	0.004683	0.999322	3.120628	0.999443	0.000170
300.000000	0.620000	0.003785	0.004755	0.999404	3.120598	0.999436	0.000179
300.000000	0.630000	0.003508	0.004598	0.999213	3.120665	0.999332	0.000161
300.000000	0.640000	0.003711	0.004727	0.999352	3.120615	0.999443	0.000174
300.000000	0.650000	0.003897	0.004875	0.999451	3.120580	0.999487	0.000186
300.000000	0.660000	0.003719	0.004719	0.999325	3.120615	0.999402	0.000174
300.000000	0.670000	0.003654	0.004725	0.999251	3.120634	0.999297	0.000170
300.000000	0.680000	0.003638	0.004693	0.999301	3.120631	0.999384	0.000169
300.000000	0.690000	0.003829	0.004811	0.999430	3.120587	0.999472	0.000181
300.000000	0.700000	0.003411	0.004523	0.999132	3.120688	0.999234	0.000155
300.000000	0.710000	0.003520	0.004592	0.999218	3.120660	0.999311	0.000161
300.000000	0.720000	0.003330	0.004480	0.999003	3.120701	0.999086	0.000149
300.000000	0.730000	0.003575	0.004639	0.999255	3.120649	0.999296	0.000165
300.000000	0.740000	0.003259	0.004439	0.998951	3.120730	0.999025	0.000145
300.000000	0.750000	0.003287	0.004429	0.999060	3.120713	0.999099	0.000147
300.000000	0.760000	0.003303	0.004459	0.999020	3.120710	0.999126	0.000148
300.000000	0.770000	0.003327	0.004450	0.999108	3.120702	0.999155	0.000149
300.000000	0.780000	0.003251	0.004411	0.999017	3.120722	0.999113	0.000144
300.000000	0.790000	0.003137	0.004336	0.998784	3.120754	0.998847	0.000137
300.000000	0.800000	0.003316	0.004462	0.999079	3.120708	0.999106	0.000148
300.000000	0.810000	0.003169	0.004343	0.998915	3.120747	0.998979	0.000139
300.000000	0.820000	0.003153	0.004389	0.998732	3.120763	0.998889	0.000138
300.000000	0.830000	0.003269	0.004458	0.998889	3.120728	0.998995	0.000145
300.000000	0.840000	0.003208	0.004411	0.998797	3.120746	0.998874	0.000141
300.000000	0.850000	0.003030	0.004277	0.998696	3.120788	0.998854	0.000130
300.000000	0.860000	0.003268	0.004443	0.998883	3.120730	0.998962	0.000145
300.000000	0.870000	0.003030	0.004267	0.998759	3.120780	0.998829	0.000130
300.000000	0.880000	0.003015	0.004248	0.998702	3.120787	0.998775	0.000129
300.000000	0.890000	0.002935	0.004177	0.998604	3.120809	0.998728	0.000124
300.000000	0.900000	0.003024	0.004272	0.998635	3.120791	0.998707	0.000130
300.000000	0.910000	0.003115	0.004329	0.998817	3.120765	0.998878	0.000136
300.000000	0.920000	0.002958	0.004206	0.998407	3.120818	0.998490	0.000126
300.000000	0.930000	0.002901	0.004128	0.998566	3.120816	0.998640	0.000122
300.000000	0.940000	0.002845	0.004110	0.998399	3.120838	0.998500	0.000118
300.000000	0.950000	0.003087	0.004300	0.998790	3.120769	0.998928	0.000134
300.000000	0.960000	0.002981	0.004214	0.998586	3.120799	0.998692	0.000127
300.000000	0.970000	0.002810	0.004110	0.998290	3.120855	0.998408	0.000116
300.000000	0.980000	0.002992	0.004234	0.998564	3.120804	0.998619	0.000128
300.000000	0.990000	0.002771	0.004083	0.998217	3.120872	0.998380	0.000113
300.000000	1.000000	0.003075	0.004298	0.998774	3.120773	0.998915	0.000133
300.000000	1.010000	0.002946	0.004230	0.998436	3.120808	0.998560	0.000125
300.000000	1.020000	0.002703	0.004011	0.998139	3.120876	0.998236	0.000109
300.000000	1.030000	0.002795	0.004062	0.998417	3.120840	0.998588	0.000115
300.000000	1.040000	0.002900	0.004170	0.998539	3.120818	0.998664	0.000122
300.000000	1.050000	0.002689	0.004007	0.998032	3.120897	0.998394	0.000108
300.000000	1.060000	0.002752	0.004083	0.998149	3.120874	0.998214	0.000112
300.000000	1.070000	0.002478	0.003822	0.997712	3.120959	0.997869	0.000095
300.000000	1.080000	0.002612	0.003929	0.998044	3.120908	0.998207	0.000103
300.000000	1.090000	0.002720	0.004009	0.998276	3.120862	0.998483	0.000110
300.000000	1.100000	0.002735	0.004028	0.998213	3.120876	0.998358	0.000111
300.000000	1.110000	0.002594	0.003928	0.997885	3.120924	0.998018	0.000102
300.000000	1.120000	0.002583	0.003902	0.997956	3.120920	0.998174	0.000101
300.000000	1.130000	0.002586	0.003897	0.997930	3.120903	0.998062	0.000102
300.000000	1.140000	0.002527	0.003877	0.997778	3.120941	0.997865	0.000098
300.000000	1.150000	0.002566	0.003897	0.997752	3.120938	0.997932	0.000100
300.000000	1.160000	0.002365	0.003733	0.997269	3.121009	0.997353	0.000087
300.000000	1.170000	0.002417	0.003791	0.997189	3.120986	0.997377	0.000091
300.000000	1.180000	0.002576	0.003919	0.997768	3.120929	0.997909	0.000101
300.000000	1.190000	0.002526	0.003848	0.997739	3.120945	0.997904	0.000098
300.000000	1.200000	0.002406	0.003770	0.997257	3.121004	0.997494	0.000090
300.000000	1.210000	0.002443	0.003789	0.997548	3.120974	0.997661	0.000092
300.000000	1.220000	0.002588	0.003952	0.997791	3.120925	0.998013	0.000102
300.000000	1.230000	0.002395	0.003742	0.997507	3.120984	0.997782	0.000089
300.000000	1.240000	0.002353	0.003727	0.997016	3.121026	0.997255	0.000087
300.000000	1.250000	0.002584	0.003901	0.997978	3.120918	0.998067	0.000102
300.000000	1.260000	0.002295	0.003720	0.996589	3.121069	0.996823	0.000083
300.000000	1.270000	0.002365	0.003722	0.997170	3.121008	0.997366	0.000087
300.000000	1.280000	0.002499	0.003842	0.997586	3.120959	0.997743	0.000096
300.000000	1.290000	0.002384	0.003732	0.997217	3.121000	0.997443	0.000089
300.000000	1.300000	0.002520	0.003864	0.997644	3.120952	0.997960	0.000097
300.000000	1.310000	0.002271	0.003639	0.996446	3.121076	0.996707	0.000081
300.000000	1.320000	0.002404	0.003745	0.997482	3.120989	0.997629	0.000090
300.000000	1.330000	0.002413	0.003753	0.997484	3.120966	0.997595	0.000091
300.000000	1.340000	0.002274	0.003631	0.996813	3.121047	0.997189	0.000082
300.000000	1.350000	0.002357	0.003710	0.996676	3.121046	0.997170	0.000087
300.000000	1.360000	0.002333	0.003706	0.996885	3.121036	0.997238	0.000085
300.000000	1.370000	0.002463	0.003839	0.997390	3.120981	0.997610	0.000094
300.000000	1.380000	0.002410	0.003775	0.997240	3.121000	0.997404	0.000090
300.000000	1.390000	0.002503	0.003863	0.997601	3.120959	0.997699	0.000096
300.000000	1.400000	0.002172	0.003537	0.996363	3.121098	0.996690	0.000075
300.000000	1.410000	0.002249	0.003612	0.996737	3.121070	0.996929	0.000080
300.000000	1.420000	0.002094	0.003464	0.996116	3.121137	0.996302	0.000070
300.000000	1.430000	0.002382	0.003719	0.997230	3.121000	0.997468	0.000089
300.000000	1.440000	0.002227	0.003570	0.996659	3.121077	0.997056	0.000079
300.000000	1.450000	0.002345	0.003748	0.996972	3.121030	0.997380	0.000086
300.000000	1.460000	0.002144	0.003533	0.996146	3.121124	0.996565	0.000073
300.000000	1.470000	0.002174	0.003562	0.996306	3.121105	0.996477	0.000075
300.000000	1.480000	0.002101	0.003471	0.996212	3.121130	0.996503	0.000071
300.000000	1.490000	0.002135	0.003515	0.996130	3.121127	0.996469	0.000073
300.000000	1.500000	0.002076	0.003453	0.995772	3.121164	0.995950	0.000069
300.000000	1.510000	0.002097	0.003509	0.995803	3.121156	0.996045	0.000070
300.000000	1.520000	0.002162	0.003554	0.996181	3.121124	0.996346	0.000074
300.000000	1.530000	0.002190	0.003566	0.996066	3.121123	0.996497	0.000076
300.000000	1.540000	0.002280	0.003675	0.996798	3.121053	0.997060	0.000082
300.000000	1.550000	0.002116	0.003512	0.996146	3.121128	0.996693	0.000071
300.000000	1.560000	0.002030	0.003407	0.995084	3.121204	0.995619	0.000066
300.000000	1.570000	0.002088	0.003480	0.995655	3.121160	0.996026	0.000070
300.000000	1.580000	0.002261	0.003621	0.996752	3.121060	0.997228	0.000081
300.000000	1.590000	0.002115	0.003497	0.996434	3.121108	0.996578	0.000071
300.000000	1.600000	0.002120	0.003498	0.996052	3.121137	0.996524	0.000072
300.000000	1.610000	0.002212	0.003600	0.996240	3.121102	0.996532	0.000078
300.000000	1.620000	0.002132	0.003502	0.996332	3.121116	0.996650	0.000073
300.000000	1.630000	0.002107	0.003485	0.995584	3.121169	0.995792	0.000071
300.000000	1.640000	0.002200	0.003604	0.996345	3.121098	0.996615	0.000077
300.000000	1.650000	0.002161	0.003552	0.995891	3.121137	0.996091	0.000074
300.000000	1.660000	0.001930	0.003279	0.995361	3.121212	0.995701	0.000060
300.000000	1.670000	0.001866	0.003224	0.993955	3.121319	0.994457	0.000055
300.000000	1.680000	0.001897	0.003272	0.994728	3.121262	0.995250	0.000057
300.000000	1.690000	0.002126	0.003515	0.995907	3.121152	0.996223	0.000072
300.000000	1.700000	0.001931	0.003303	0.994219	3.121284	0.994583	0.000060
300.000000	1.710000	0.002159	0.003516	0.996484	3.121102	0.997051	0.000074
300.000000	1.720000	0.002051	0.003443	0.995472	3.121186	0.995595	0.000067
300.000000	1.730000	0.001973	0.003345	0.995228	3.121218	0.995459	0.000062
300.000000	1.740000	0.001952	0.003330	0.994980	3.121236	0.995321	0.000061
300.000000	1.750000	0.002132	0.003511	0.995509	3.121172	0.995984	0.000073
300.000000	1.760000	0.001945	0.003319	0.995168	3.121218	0.995457	0.000061
300.000000	1.770000	0.001962	0.003342	0.995069	3.121225	0.995602	0.000062
300.000000	1.780000	0.001923	0.003294	0.994363	3.121266	0.994806	0.000059
300.000000	1.790000	0.002040	0.003429	0.995598	3.121174	0.996291	0.000067
300.000000	1.800000	0.001961	0.003329	0.995301	3.121211	0.995761	0.000062
300.000000	1.810000	0.001830	0.003168	0.993996	3.121318	0.994709	0.000053
300.000000	1.820000	0.001872	0.003223	0.994552	3.121287	0.994978	0.000056
300.000000	1.830000	0.001973	0.003359	0.995433	3.121183	0.995889	0.000062
300.000000	1.840000	0.001822	0.003139	0.993939	3.121329	0.994519	0.000053
300.000000	1.850000	0.001814	0.003165	0.993695	3.121317	0.994101	0.000052
300.000000	1.860000	0.001822	0.003172	0.993600	3.121336	0.994118	0.000053
300.000000	1.870000	0.001928	0.003308	0.994082	3.121303	0.994635	0.000059
300.000000	1.880000	0.001898	0.003273	0.994309	3.121278	0.994790	0.000058
300.000000	1.890000	0.001824	0.003167	0.994296	3.121297	0.994739	0.000053
300.000000	1.900000	0.001891	0.003338	0.993519	3.121343	0.994023	0.000057
300.000000	1.910000	0.001916	0.003285	0.994534	3.121274	0.994915	0.000059
300.000000	1.920000	0.001876	0.003272	0.993068	3.121362	0.993459	0.000056
300.000000	1.930000	0.001775	0.003119	0.993697	3.121360	0.994184	0.000050
300.000000	1.940000	0.001903	0.003268	0.994535	3.121274	0.995149	0.000058
300.000000	1.950000	0.001778	0.003096	0.992861	3.121388	0.993178	0.000050
300.000000	1.960000	0.001775	0.003143	0.992968	3.121400	0.993333	0.000050
300.000000	1.970000	0.001917	0.003284	0.994668	3.121243	0.995145	0.000059
300.000000	1.980000	0.001810	0.003135	0.993970	3.121331	0.994415	0.000052
300.000000	1.990000	0.001671	0.002967	0.992198	3.121466	0.992544	0.000043
300.000000	2.000000	0.001814	0.003174	0.994127	3.121316	0.994326	0.000052
300.000000	2.010000	0.001900	0.003282	0.994444	3.121287	0.994880	0.000058
